Date,Midnight population,24-hour population
2008-10-01,0,0
2008-10-02,0,0
2008-10-03,0,0
2008-10-04,0,0
2008-10-05,0,0
2008-10-06,0,0
2008-10-07,0,0
2008-10-08,0,0
2008-10-09,0,0
2008-10-10,0,0
2008-10-11,0,0
2008-10-12,0,0
2008-10-13,0,0
2008-10-14,0,0
2008-10-15,0,0
2008-10-16,0,0
2008-10-17,0,0
2008-10-18,0,0
2008-10-19,0,0
2008-10-20,0,0
2008-10-21,0,0
2008-10-22,0,0
2008-10-23,0,0
2008-10-24,0,0
2008-10-25,0,0
2008-10-26,0,0
2008-10-27,0,0
2008-10-28,0,0
2008-10-29,0,0
2008-10-30,0,0
2008-10-31,0,0
2008-11-01,0,0
2008-11-02,0,0
2008-11-03,0,0
2008-11-04,0,0
2008-11-05,0,0
2008-11-06,0,0
2008-11-07,0,0
2008-11-08,0,0
2008-11-09,0,0
2008-11-10,0,0
2008-11-11,0,0
2008-11-12,0,0
2008-11-13,0,0
2008-11-14,0,0
2008-11-15,0,0
2008-11-16,0,0
2008-11-17,0,0
2008-11-18,0,0
2008-11-19,0,0
2008-11-20,0,0
2008-11-21,0,0
2008-11-22,0,0
2008-11-23,0,0
2008-11-24,0,0
2008-11-25,0,0
2008-11-26,0,0
2008-11-27,0,0
2008-11-28,0,0
2008-11-29,0,0
2008-11-30,0,0
2008-12-01,0,0
2008-12-02,0,0
2008-12-03,0,0
2008-12-04,0,0
2008-12-05,0,0
2008-12-06,0,0
2008-12-07,0,0
2008-12-08,0,0
2008-12-09,0,0
2008-12-10,0,0
2008-12-11,0,0
2008-12-12,0,0
2008-12-13,0,0
2008-12-14,0,0
2008-12-15,0,0
2008-12-16,0,0
2008-12-17,0,0
2008-12-18,0,0
2008-12-19,0,0
2008-12-20,0,0
2008-12-21,0,0
2008-12-22,0,0
2008-12-23,0,0
2008-12-24,0,0
2008-12-25,0,0
2008-12-26,0,0
2008-12-27,0,0
2008-12-28,0,0
2008-12-29,0,0
2008-12-30,0,0
2008-12-31,0,0
2009-01-01,0,0
2009-01-02,0,0
2009-01-03,0,0
2009-01-04,0,0
2009-01-05,0,0
2009-01-06,0,0
2009-01-07,0,0
2009-01-08,0,0
2009-01-09,0,0
2009-01-10,0,0
2009-01-11,0,0
2009-01-12,0,0
2009-01-13,0,0
2009-01-14,0,0
2009-01-15,0,0
2009-01-16,0,0
2009-01-17,0,0
2009-01-18,0,0
2009-01-19,0,0
2009-01-20,0,0
2009-01-21,0,0
2009-01-22,0,0
2009-01-23,0,0
2009-01-24,0,0
2009-01-25,0,0
2009-01-26,0,0
2009-01-27,0,0
2009-01-28,0,0
2009-01-29,0,0
2009-01-30,0,0
2009-01-31,0,0
2009-02-01,0,0
2009-02-02,0,0
2009-02-03,0,0
2009-02-04,0,0
2009-02-05,0,0
2009-02-06,0,0
2009-02-07,0,0
2009-02-08,0,0
2009-02-09,0,0
2009-02-10,0,0
2009-02-11,0,0
2009-02-12,0,0
2009-02-13,0,0
2009-02-14,0,0
2009-02-15,0,0
2009-02-16,0,0
2009-02-17,0,0
2009-02-18,0,0
2009-02-19,0,0
2009-02-20,0,0
2009-02-21,0,0
2009-02-22,0,0
2009-02-23,0,0
2009-02-24,0,0
2009-02-25,0,0
2009-02-26,0,0
2009-02-27,0,0
2009-02-28,0,0
2009-03-01,0,0
2009-03-02,0,0
2009-03-03,0,0
2009-03-04,0,0
2009-03-05,0,0
2009-03-06,0,0
2009-03-07,0,0
2009-03-08,0,0
2009-03-09,0,0
2009-03-10,0,0
2009-03-11,0,0
2009-03-12,0,0
2009-03-13,0,0
2009-03-14,0,0
2009-03-15,0,0
2009-03-16,0,0
2009-03-17,0,0
2009-03-18,0,0
2009-03-19,0,0
2009-03-20,0,0
2009-03-21,0,0
2009-03-22,0,0
2009-03-23,0,0
2009-03-24,0,0
2009-03-25,0,0
2009-03-26,0,0
2009-03-27,0,0
2009-03-28,0,0
2009-03-29,0,0
2009-03-30,0,0
2009-03-31,0,0
2009-04-01,0,0
2009-04-02,0,0
2009-04-03,0,0
2009-04-04,0,0
2009-04-05,0,0
2009-04-06,0,0
2009-04-07,0,0
2009-04-08,0,0
2009-04-09,0,0
2009-04-10,0,0
2009-04-11,0,0
2009-04-12,0,0
2009-04-13,0,0
2009-04-14,0,0
2009-04-15,0,0
2009-04-16,0,0
2009-04-17,0,0
2009-04-18,0,0
2009-04-19,0,0
2009-04-20,0,0
2009-04-21,0,0
2009-04-22,0,0
2009-04-23,0,0
2009-04-24,0,0
2009-04-25,0,0
2009-04-26,0,0
2009-04-27,0,0
2009-04-28,0,0
2009-04-29,0,0
2009-04-30,0,0
2009-05-01,0,0
2009-05-02,0,0
2009-05-03,0,0
2009-05-04,0,0
2009-05-05,0,0
2009-05-06,0,0
2009-05-07,0,0
2009-05-08,0,0
2009-05-09,0,0
2009-05-10,0,0
2009-05-11,0,0
2009-05-12,0,0
2009-05-13,0,0
2009-05-14,0,0
2009-05-15,0,0
2009-05-16,0,0
2009-05-17,0,0
2009-05-18,0,0
2009-05-19,0,0
2009-05-20,0,0
2009-05-21,0,0
2009-05-22,0,0
2009-05-23,0,0
2009-05-24,0,0
2009-05-25,0,0
2009-05-26,0,0
2009-05-27,0,0
2009-05-28,0,0
2009-05-29,0,0
2009-05-30,0,0
2009-05-31,0,0
2009-06-01,0,0
2009-06-02,0,0
2009-06-03,0,0
2009-06-04,0,0
2009-06-05,0,0
2009-06-06,0,0
2009-06-07,0,0
2009-06-08,0,0
2009-06-09,0,0
2009-06-10,0,0
2009-06-11,0,0
2009-06-12,0,0
2009-06-13,0,0
2009-06-14,0,0
2009-06-15,0,0
2009-06-16,0,0
2009-06-17,0,0
2009-06-18,0,0
2009-06-19,0,0
2009-06-20,0,0
2009-06-21,0,0
2009-06-22,0,0
2009-06-23,0,0
2009-06-24,0,0
2009-06-25,0,0
2009-06-26,0,0
2009-06-27,0,0
2009-06-28,0,0
2009-06-29,0,0
2009-06-30,0,0
2009-07-01,0,0
2009-07-02,0,0
2009-07-03,0,0
2009-07-04,0,0
2009-07-05,0,0
2009-07-06,0,0
2009-07-07,0,0
2009-07-08,0,0
2009-07-09,0,0
2009-07-10,0,0
2009-07-11,0,0
2009-07-12,0,0
2009-07-13,0,0
2009-07-14,0,0
2009-07-15,0,0
2009-07-16,0,0
2009-07-17,0,0
2009-07-18,0,0
2009-07-19,0,0
2009-07-20,0,0
2009-07-21,0,0
2009-07-22,0,0
2009-07-23,0,0
2009-07-24,0,0
2009-07-25,0,0
2009-07-26,0,0
2009-07-27,0,0
2009-07-28,0,0
2009-07-29,0,0
2009-07-30,0,0
2009-07-31,0,0
2009-08-01,0,0
2009-08-02,0,0
2009-08-03,0,0
2009-08-04,0,0
2009-08-05,0,0
2009-08-06,0,0
2009-08-07,0,0
2009-08-08,0,0
2009-08-09,0,0
2009-08-10,0,0
2009-08-11,0,0
2009-08-12,0,0
2009-08-13,0,0
2009-08-14,0,0
2009-08-15,0,0
2009-08-16,0,0
2009-08-17,0,0
2009-08-18,0,0
2009-08-19,0,0
2009-08-20,0,0
2009-08-21,0,0
2009-08-22,0,0
2009-08-23,0,0
2009-08-24,0,0
2009-08-25,0,0
2009-08-26,0,0
2009-08-27,0,0
2009-08-28,0,0
2009-08-29,0,0
2009-08-30,0,0
2009-08-31,0,0
2009-09-01,0,0
2009-09-02,0,0
2009-09-03,0,0
2009-09-04,0,0
2009-09-05,0,0
2009-09-06,0,0
2009-09-07,0,0
2009-09-08,0,0
2009-09-09,0,0
2009-09-10,0,0
2009-09-11,0,0
2009-09-12,0,0
2009-09-13,0,0
2009-09-14,0,0
2009-09-15,0,0
2009-09-16,0,0
2009-09-17,0,0
2009-09-18,0,0
2009-09-19,0,0
2009-09-20,0,0
2009-09-21,0,0
2009-09-22,0,0
2009-09-23,0,0
2009-09-24,0,0
2009-09-25,0,0
2009-09-26,0,0
2009-09-27,0,0
2009-09-28,0,0
2009-09-29,0,0
2009-09-30,0,0
2009-10-01,0,0
2009-10-02,0,0
2009-10-03,0,0
2009-10-04,0,0
2009-10-05,0,0
2009-10-06,0,0
2009-10-07,0,0
2009-10-08,0,0
2009-10-09,0,0
2009-10-10,0,0
2009-10-11,0,0
2009-10-12,0,0
2009-10-13,0,0
2009-10-14,0,0
2009-10-15,0,0
2009-10-16,0,0
2009-10-17,0,0
2009-10-18,0,0
2009-10-19,0,0
2009-10-20,0,0
2009-10-21,0,0
2009-10-22,0,0
2009-10-23,0,0
2009-10-24,0,0
2009-10-25,0,0
2009-10-26,0,0
2009-10-27,0,0
2009-10-28,0,0
2009-10-29,0,0
2009-10-30,0,0
2009-10-31,0,0
2009-11-01,0,0
2009-11-02,0,0
2009-11-03,0,0
2009-11-04,0,0
2009-11-05,0,0
2009-11-06,0,0
2009-11-07,0,0
2009-11-08,0,0
2009-11-09,0,0
2009-11-10,0,0
2009-11-11,0,0
2009-11-12,0,0
2009-11-13,0,0
2009-11-14,0,0
2009-11-15,0,0
2009-11-16,0,0
2009-11-17,0,0
2009-11-18,0,0
2009-11-19,0,0
2009-11-20,0,0
2009-11-21,0,0
2009-11-22,0,0
2009-11-23,0,0
2009-11-24,0,0
2009-11-25,0,0
2009-11-26,0,0
2009-11-27,0,0
2009-11-28,0,0
2009-11-29,0,0
2009-11-30,0,0
2009-12-01,0,0
2009-12-02,0,0
2009-12-03,0,0
2009-12-04,0,0
2009-12-05,0,0
2009-12-06,0,0
2009-12-07,0,0
2009-12-08,0,0
2009-12-09,0,0
2009-12-10,0,0
2009-12-11,0,0
2009-12-12,0,0
2009-12-13,0,0
2009-12-14,0,0
2009-12-15,0,0
2009-12-16,0,0
2009-12-17,0,0
2009-12-18,0,0
2009-12-19,0,0
2009-12-20,0,0
2009-12-21,0,0
2009-12-22,0,0
2009-12-23,0,0
2009-12-24,0,0
2009-12-25,0,0
2009-12-26,0,0
2009-12-27,0,0
2009-12-28,0,0
2009-12-29,0,0
2009-12-30,0,0
2009-12-31,0,0
2010-01-01,0,0
2010-01-02,0,0
2010-01-03,0,0
2010-01-04,0,0
2010-01-05,0,0
2010-01-06,0,0
2010-01-07,0,0
2010-01-08,0,0
2010-01-09,0,0
2010-01-10,0,0
2010-01-11,0,0
2010-01-12,0,0
2010-01-13,0,0
2010-01-14,0,0
2010-01-15,0,0
2010-01-16,0,0
2010-01-17,0,0
2010-01-18,0,0
2010-01-19,0,0
2010-01-20,0,0
2010-01-21,0,0
2010-01-22,0,0
2010-01-23,0,0
2010-01-24,0,0
2010-01-25,0,0
2010-01-26,0,0
2010-01-27,0,0
2010-01-28,0,0
2010-01-29,0,0
2010-01-30,0,0
2010-01-31,0,0
2010-02-01,0,0
2010-02-02,0,0
2010-02-03,0,0
2010-02-04,0,0
2010-02-05,0,0
2010-02-06,0,0
2010-02-07,0,0
2010-02-08,0,0
2010-02-09,0,0
2010-02-10,0,0
2010-02-11,0,0
2010-02-12,0,0
2010-02-13,0,0
2010-02-14,0,0
2010-02-15,0,0
2010-02-16,0,0
2010-02-17,0,0
2010-02-18,0,0
2010-02-19,0,0
2010-02-20,0,0
2010-02-21,0,0
2010-02-22,0,0
2010-02-23,0,0
2010-02-24,0,0
2010-02-25,0,0
2010-02-26,0,0
2010-02-27,0,0
2010-02-28,0,0
2010-03-01,0,0
2010-03-02,0,0
2010-03-03,0,0
2010-03-04,0,0
2010-03-05,0,0
2010-03-06,0,0
2010-03-07,0,0
2010-03-08,0,0
2010-03-09,0,0
2010-03-10,0,0
2010-03-11,0,0
2010-03-12,0,0
2010-03-13,0,0
2010-03-14,0,0
2010-03-15,0,0
2010-03-16,0,0
2010-03-17,0,0
2010-03-18,0,0
2010-03-19,0,0
2010-03-20,0,0
2010-03-21,0,0
2010-03-22,0,0
2010-03-23,0,0
2010-03-24,0,0
2010-03-25,0,0
2010-03-26,0,0
2010-03-27,0,0
2010-03-28,0,0
2010-03-29,0,0
2010-03-30,0,0
2010-03-31,0,0
2010-04-01,0,0
2010-04-02,0,0
2010-04-03,0,0
2010-04-04,0,0
2010-04-05,0,0
2010-04-06,0,0
2010-04-07,0,0
2010-04-08,0,0
2010-04-09,0,0
2010-04-10,0,0
2010-04-11,0,0
2010-04-12,0,0
2010-04-13,0,0
2010-04-14,0,0
2010-04-15,0,0
2010-04-16,0,0
2010-04-17,0,0
2010-04-18,0,0
2010-04-19,0,0
2010-04-20,0,0
2010-04-21,0,0
2010-04-22,0,0
2010-04-23,0,0
2010-04-24,0,0
2010-04-25,0,0
2010-04-26,0,0
2010-04-27,0,0
2010-04-28,0,0
2010-04-29,0,0
2010-04-30,0,0
2010-05-01,0,0
2010-05-02,0,0
2010-05-03,0,0
2010-05-04,0,0
2010-05-05,0,0
2010-05-06,0,0
2010-05-07,0,0
2010-05-08,0,0
2010-05-09,0,0
2010-05-10,0,0
2010-05-11,0,0
2010-05-12,0,0
2010-05-13,0,0
2010-05-14,0,0
2010-05-15,0,0
2010-05-16,0,0
2010-05-17,0,0
2010-05-18,0,0
2010-05-19,0,0
2010-05-20,0,0
2010-05-21,0,0
2010-05-22,0,0
2010-05-23,0,0
2010-05-24,0,0
2010-05-25,0,0
2010-05-26,0,0
2010-05-27,0,0
2010-05-28,0,0
2010-05-29,0,0
2010-05-30,0,0
2010-05-31,0,0
2010-06-01,0,0
2010-06-02,0,0
2010-06-03,0,0
2010-06-04,0,0
2010-06-05,0,0
2010-06-06,0,0
2010-06-07,0,0
2010-06-08,0,0
2010-06-09,0,0
2010-06-10,0,0
2010-06-11,0,0
2010-06-12,0,0
2010-06-13,0,0
2010-06-14,0,0
2010-06-15,0,0
2010-06-16,0,0
2010-06-17,0,0
2010-06-18,0,0
2010-06-19,0,0
2010-06-20,0,0
2010-06-21,0,0
2010-06-22,0,0
2010-06-23,0,0
2010-06-24,0,0
2010-06-25,0,0
2010-06-26,0,0
2010-06-27,0,0
2010-06-28,0,0
2010-06-29,0,0
2010-06-30,0,0
2010-07-01,0,0
2010-07-02,0,0
2010-07-03,0,0
2010-07-04,0,0
2010-07-05,0,0
2010-07-06,0,0
2010-07-07,0,0
2010-07-08,0,0
2010-07-09,0,0
2010-07-10,0,0
2010-07-11,0,0
2010-07-12,0,0
2010-07-13,0,0
2010-07-14,0,0
2010-07-15,0,0
2010-07-16,0,0
2010-07-17,0,0
2010-07-18,0,0
2010-07-19,0,0
2010-07-20,0,0
2010-07-21,0,0
2010-07-22,0,0
2010-07-23,0,0
2010-07-24,0,0
2010-07-25,0,0
2010-07-26,0,0
2010-07-27,0,0
2010-07-28,0,0
2010-07-29,0,0
2010-07-30,0,0
2010-07-31,0,0
2010-08-01,0,0
2010-08-02,0,0
2010-08-03,0,0
2010-08-04,0,0
2010-08-05,0,0
2010-08-06,0,0
2010-08-07,0,0
2010-08-08,0,0
2010-08-09,0,0
2010-08-10,0,0
2010-08-11,0,0
2010-08-12,0,0
2010-08-13,0,0
2010-08-14,0,0
2010-08-15,0,0
2010-08-16,0,0
2010-08-17,0,0
2010-08-18,0,0
2010-08-19,0,0
2010-08-20,0,0
2010-08-21,0,0
2010-08-22,0,0
2010-08-23,0,0
2010-08-24,0,0
2010-08-25,0,0
2010-08-26,0,0
2010-08-27,0,0
2010-08-28,0,0
2010-08-29,0,0
2010-08-30,0,0
2010-08-31,0,0
2010-09-01,0,0
2010-09-02,0,0
2010-09-03,0,0
2010-09-04,0,0
2010-09-05,0,0
2010-09-06,0,0
2010-09-07,0,0
2010-09-08,0,0
2010-09-09,0,0
2010-09-10,0,0
2010-09-11,0,0
2010-09-12,0,0
2010-09-13,0,0
2010-09-14,0,0
2010-09-15,0,0
2010-09-16,0,0
2010-09-17,0,0
2010-09-18,0,0
2010-09-19,0,0
2010-09-20,0,0
2010-09-21,0,0
2010-09-22,0,0
2010-09-23,0,0
2010-09-24,0,0
2010-09-25,0,0
2010-09-26,0,0
2010-09-27,0,0
2010-09-28,0,0
2010-09-29,0,0
2010-09-30,0,0
2010-10-01,0,0
2010-10-02,0,0
2010-10-03,0,0
2010-10-04,0,0
2010-10-05,0,0
2010-10-06,0,0
2010-10-07,0,0
2010-10-08,0,0
2010-10-09,0,0
2010-10-10,0,0
2010-10-11,0,0
2010-10-12,0,0
2010-10-13,0,0
2010-10-14,0,0
2010-10-15,0,0
2010-10-16,0,0
2010-10-17,0,0
2010-10-18,0,0
2010-10-19,0,0
2010-10-20,0,0
2010-10-21,0,0
2010-10-22,0,0
2010-10-23,0,0
2010-10-24,0,0
2010-10-25,0,0
2010-10-26,0,0
2010-10-27,0,0
2010-10-28,0,0
2010-10-29,0,0
2010-10-30,0,0
2010-10-31,0,0
2010-11-01,0,0
2010-11-02,0,0
2010-11-03,0,0
2010-11-04,0,0
2010-11-05,0,0
2010-11-06,0,0
2010-11-07,0,0
2010-11-08,0,0
2010-11-09,0,0
2010-11-10,0,0
2010-11-11,0,0
2010-11-12,0,0
2010-11-13,0,0
2010-11-14,0,0
2010-11-15,0,0
2010-11-16,0,0
2010-11-17,0,0
2010-11-18,0,0
2010-11-19,0,0
2010-11-20,0,0
2010-11-21,0,0
2010-11-22,0,0
2010-11-23,0,0
2010-11-24,0,0
2010-11-25,0,0
2010-11-26,0,0
2010-11-27,0,0
2010-11-28,0,0
2010-11-29,0,0
2010-11-30,0,0
2010-12-01,0,0
2010-12-02,0,0
2010-12-03,0,0
2010-12-04,0,0
2010-12-05,0,0
2010-12-06,0,0
2010-12-07,0,0
2010-12-08,0,0
2010-12-09,0,0
2010-12-10,0,0
2010-12-11,0,0
2010-12-12,0,0
2010-12-13,0,0
2010-12-14,0,0
2010-12-15,0,0
2010-12-16,0,0
2010-12-17,0,0
2010-12-18,0,0
2010-12-19,0,0
2010-12-20,0,0
2010-12-21,0,0
2010-12-22,0,0
2010-12-23,0,0
2010-12-24,0,0
2010-12-25,0,0
2010-12-26,0,0
2010-12-27,0,0
2010-12-28,0,0
2010-12-29,0,0
2010-12-30,0,0
2010-12-31,0,0
2011-01-01,0,0
2011-01-02,0,0
2011-01-03,0,0
2011-01-04,0,0
2011-01-05,0,0
2011-01-06,0,0
2011-01-07,0,0
2011-01-08,0,0
2011-01-09,0,0
2011-01-10,0,0
2011-01-11,0,0
2011-01-12,0,0
2011-01-13,0,0
2011-01-14,0,0
2011-01-15,0,0
2011-01-16,0,0
2011-01-17,0,0
2011-01-18,0,0
2011-01-19,0,0
2011-01-20,0,0
2011-01-21,0,0
2011-01-22,0,0
2011-01-23,0,0
2011-01-24,0,0
2011-01-25,0,0
2011-01-26,0,0
2011-01-27,0,0
2011-01-28,0,0
2011-01-29,0,0
2011-01-30,0,0
2011-01-31,0,0
2011-02-01,0,0
2011-02-02,0,0
2011-02-03,0,0
2011-02-04,0,0
2011-02-05,0,0
2011-02-06,0,0
2011-02-07,0,0
2011-02-08,0,0
2011-02-09,0,0
2011-02-10,0,0
2011-02-11,0,0
2011-02-12,0,0
2011-02-13,0,0
2011-02-14,0,0
2011-02-15,0,0
2011-02-16,0,0
2011-02-17,0,0
2011-02-18,0,0
2011-02-19,0,0
2011-02-20,0,0
2011-02-21,0,0
2011-02-22,0,0
2011-02-23,0,0
2011-02-24,0,0
2011-02-25,0,0
2011-02-26,0,0
2011-02-27,0,0
2011-02-28,0,0
2011-03-01,0,0
2011-03-02,0,0
2011-03-03,0,0
2011-03-04,0,0
2011-03-05,0,0
2011-03-06,0,0
2011-03-07,0,0
2011-03-08,0,0
2011-03-09,0,0
2011-03-10,0,0
2011-03-11,0,0
2011-03-12,0,0
2011-03-13,0,0
2011-03-14,0,0
2011-03-15,0,0
2011-03-16,0,0
2011-03-17,0,0
2011-03-18,0,0
2011-03-19,0,0
2011-03-20,0,0
2011-03-21,0,0
2011-03-22,0,0
2011-03-23,0,0
2011-03-24,0,0
2011-03-25,0,0
2011-03-26,0,0
2011-03-27,0,0
2011-03-28,0,0
2011-03-29,0,0
2011-03-30,0,0
2011-03-31,0,0
2011-04-01,0,0
2011-04-02,0,0
2011-04-03,0,0
2011-04-04,0,0
2011-04-05,0,0
2011-04-06,0,0
2011-04-07,0,0
2011-04-08,0,0
2011-04-09,0,0
2011-04-10,0,0
2011-04-11,0,0
2011-04-12,0,0
2011-04-13,0,0
2011-04-14,0,0
2011-04-15,0,0
2011-04-16,0,0
2011-04-17,0,0
2011-04-18,0,0
2011-04-19,0,0
2011-04-20,0,0
2011-04-21,0,0
2011-04-22,0,0
2011-04-23,0,0
2011-04-24,0,0
2011-04-25,0,0
2011-04-26,0,0
2011-04-27,0,0
2011-04-28,0,0
2011-04-29,0,0
2011-04-30,0,0
2011-05-01,0,0
2011-05-02,0,0
2011-05-03,0,0
2011-05-04,0,0
2011-05-05,0,0
2011-05-06,0,0
2011-05-07,0,0
2011-05-08,0,0
2011-05-09,0,0
2011-05-10,0,0
2011-05-11,0,0
2011-05-12,0,0
2011-05-13,0,0
2011-05-14,0,0
2011-05-15,0,0
2011-05-16,0,0
2011-05-17,0,0
2011-05-18,0,0
2011-05-19,0,0
2011-05-20,0,0
2011-05-21,0,0
2011-05-22,0,0
2011-05-23,0,0
2011-05-24,0,0
2011-05-25,0,0
2011-05-26,0,0
2011-05-27,0,0
2011-05-28,0,0
2011-05-29,0,0
2011-05-30,0,0
2011-05-31,0,0
2011-06-01,0,0
2011-06-02,0,0
2011-06-03,0,0
2011-06-04,0,0
2011-06-05,0,0
2011-06-06,0,0
2011-06-07,0,0
2011-06-08,0,0
2011-06-09,0,0
2011-06-10,0,0
2011-06-11,0,0
2011-06-12,0,0
2011-06-13,0,0
2011-06-14,0,0
2011-06-15,0,0
2011-06-16,0,0
2011-06-17,0,0
2011-06-18,0,0
2011-06-19,0,0
2011-06-20,0,0
2011-06-21,0,0
2011-06-22,0,0
2011-06-23,0,0
2011-06-24,0,0
2011-06-25,0,0
2011-06-26,0,0
2011-06-27,0,0
2011-06-28,0,0
2011-06-29,0,0
2011-06-30,0,0
2011-07-01,0,0
2011-07-02,0,0
2011-07-03,0,0
2011-07-04,0,0
2011-07-05,0,0
2011-07-06,0,0
2011-07-07,0,0
2011-07-08,0,0
2011-07-09,0,0
2011-07-10,0,0
2011-07-11,0,0
2011-07-12,0,0
2011-07-13,0,0
2011-07-14,0,0
2011-07-15,0,0
2011-07-16,0,0
2011-07-17,0,0
2011-07-18,0,0
2011-07-19,0,0
2011-07-20,0,0
2011-07-21,0,0
2011-07-22,0,0
2011-07-23,0,0
2011-07-24,0,0
2011-07-25,0,0
2011-07-26,0,0
2011-07-27,0,0
2011-07-28,0,0
2011-07-29,0,0
2011-07-30,0,0
2011-07-31,0,0
2011-08-01,0,0
2011-08-02,0,0
2011-08-03,0,0
2011-08-04,0,0
2011-08-05,0,0
2011-08-06,0,0
2011-08-07,0,0
2011-08-08,0,0
2011-08-09,0,0
2011-08-10,0,0
2011-08-11,0,0
2011-08-12,0,0
2011-08-13,0,0
2011-08-14,0,0
2011-08-15,0,0
2011-08-16,0,0
2011-08-17,0,0
2011-08-18,0,0
2011-08-19,0,0
2011-08-20,0,0
2011-08-21,0,0
2011-08-22,0,0
2011-08-23,0,0
2011-08-24,0,0
2011-08-25,0,0
2011-08-26,0,0
2011-08-27,0,0
2011-08-28,0,0
2011-08-29,0,0
2011-08-30,0,0
2011-08-31,0,0
2011-09-01,0,0
2011-09-02,0,0
2011-09-03,0,0
2011-09-04,0,0
2011-09-05,0,0
2011-09-06,0,0
2011-09-07,0,0
2011-09-08,0,0
2011-09-09,0,0
2011-09-10,0,0
2011-09-11,0,0
2011-09-12,0,0
2011-09-13,0,0
2011-09-14,0,0
2011-09-15,0,0
2011-09-16,0,0
2011-09-17,0,0
2011-09-18,0,0
2011-09-19,0,0
2011-09-20,0,0
2011-09-21,0,0
2011-09-22,0,0
2011-09-23,0,0
2011-09-24,0,0
2011-09-25,0,0
2011-09-26,0,0
2011-09-27,0,0
2011-09-28,0,0
2011-09-29,0,0
2011-09-30,0,0
2011-10-01,0,0
2011-10-02,0,0
2011-10-03,0,0
2011-10-04,0,0
2011-10-05,0,0
2011-10-06,0,0
2011-10-07,0,0
2011-10-08,0,0
2011-10-09,0,0
2011-10-10,0,0
2011-10-11,0,0
2011-10-12,0,0
2011-10-13,0,0
2011-10-14,0,0
2011-10-15,0,0
2011-10-16,0,0
2011-10-17,0,0
2011-10-18,0,0
2011-10-19,0,0
2011-10-20,0,0
2011-10-21,0,0
2011-10-22,0,0
2011-10-23,0,0
2011-10-24,0,0
2011-10-25,0,0
2011-10-26,0,0
2011-10-27,0,0
2011-10-28,0,0
2011-10-29,0,0
2011-10-30,0,0
2011-10-31,0,0
2011-11-01,0,0
2011-11-02,0,0
2011-11-03,0,0
2011-11-04,0,0
2011-11-05,0,0
2011-11-06,0,0
2011-11-07,0,0
2011-11-08,0,0
2011-11-09,0,0
2011-11-10,0,0
2011-11-11,0,0
2011-11-12,0,0
2011-11-13,0,0
2011-11-14,0,0
2011-11-15,0,0
2011-11-16,0,0
2011-11-17,0,0
2011-11-18,0,0
2011-11-19,0,0
2011-11-20,0,0
2011-11-21,0,0
2011-11-22,0,0
2011-11-23,0,0
2011-11-24,0,0
2011-11-25,0,0
2011-11-26,0,0
2011-11-27,0,0
2011-11-28,0,0
2011-11-29,0,0
2011-11-30,0,0
2011-12-01,0,0
2011-12-02,0,0
2011-12-03,0,0
2011-12-04,0,0
2011-12-05,0,0
2011-12-06,0,0
2011-12-07,0,0
2011-12-08,0,0
2011-12-09,0,0
2011-12-10,0,0
2011-12-11,0,0
2011-12-12,0,0
2011-12-13,0,0
2011-12-14,0,0
2011-12-15,0,0
2011-12-16,0,0
2011-12-17,0,0
2011-12-18,0,0
2011-12-19,0,0
2011-12-20,0,0
2011-12-21,0,0
2011-12-22,0,0
2011-12-23,0,0
2011-12-24,0,0
2011-12-25,0,0
2011-12-26,0,0
2011-12-27,0,0
2011-12-28,0,0
2011-12-29,0,0
2011-12-30,0,0
2011-12-31,0,0
2012-01-01,0,0
2012-01-02,0,0
2012-01-03,0,0
2012-01-04,0,0
2012-01-05,0,0
2012-01-06,0,0
2012-01-07,0,0
2012-01-08,0,0
2012-01-09,0,0
2012-01-10,0,0
2012-01-11,0,0
2012-01-12,0,0
2012-01-13,0,0
2012-01-14,0,0
2012-01-15,0,0
2012-01-16,0,0
2012-01-17,0,0
2012-01-18,0,0
2012-01-19,0,0
2012-01-20,0,0
2012-01-21,0,0
2012-01-22,0,0
2012-01-23,0,0
2012-01-24,0,0
2012-01-25,0,0
2012-01-26,0,0
2012-01-27,0,0
2012-01-28,0,0
2012-01-29,0,0
2012-01-30,0,0
2012-01-31,0,0
2012-02-01,0,0
2012-02-02,0,0
2012-02-03,0,0
2012-02-04,0,0
2012-02-05,0,0
2012-02-06,0,0
2012-02-07,0,0
2012-02-08,0,0
2012-02-09,0,0
2012-02-10,0,0
2012-02-11,0,0
2012-02-12,0,0
2012-02-13,0,0
2012-02-14,0,0
2012-02-15,0,0
2012-02-16,0,0
2012-02-17,0,0
2012-02-18,0,0
2012-02-19,0,0
2012-02-20,0,0
2012-02-21,0,0
2012-02-22,0,0
2012-02-23,0,0
2012-02-24,0,0
2012-02-25,0,0
2012-02-26,0,0
2012-02-27,0,0
2012-02-28,0,0
2012-02-29,0,0
2012-03-01,0,0
2012-03-02,0,0
2012-03-03,0,0
2012-03-04,0,0
2012-03-05,0,0
2012-03-06,0,0
2012-03-07,0,0
2012-03-08,0,0
2012-03-09,0,0
2012-03-10,0,0
2012-03-11,0,0
2012-03-12,0,0
2012-03-13,0,0
2012-03-14,0,0
2012-03-15,0,0
2012-03-16,0,0
2012-03-17,0,0
2012-03-18,0,0
2012-03-19,0,0
2012-03-20,0,0
2012-03-21,0,0
2012-03-22,0,0
2012-03-23,0,0
2012-03-24,0,0
2012-03-25,0,0
2012-03-26,0,0
2012-03-27,0,0
2012-03-28,0,0
2012-03-29,0,0
2012-03-30,0,0
2012-03-31,0,0
2012-04-01,0,0
2012-04-02,0,0
2012-04-03,0,0
2012-04-04,0,0
2012-04-05,0,0
2012-04-06,0,0
2012-04-07,0,0
2012-04-08,0,0
2012-04-09,0,0
2012-04-10,0,0
2012-04-11,0,0
2012-04-12,0,0
2012-04-13,0,0
2012-04-14,0,0
2012-04-15,0,0
2012-04-16,0,0
2012-04-17,0,0
2012-04-18,0,0
2012-04-19,0,0
2012-04-20,0,0
2012-04-21,0,0
2012-04-22,0,0
2012-04-23,0,0
2012-04-24,0,0
2012-04-25,0,0
2012-04-26,0,0
2012-04-27,0,0
2012-04-28,0,0
2012-04-29,0,0
2012-04-30,0,0
2012-05-01,0,0
2012-05-02,0,0
2012-05-03,0,0
2012-05-04,0,0
2012-05-05,0,0
2012-05-06,0,0
2012-05-07,0,0
2012-05-08,0,0
2012-05-09,0,0
2012-05-10,0,0
2012-05-11,0,0
2012-05-12,0,0
2012-05-13,0,0
2012-05-14,0,0
2012-05-15,0,0
2012-05-16,0,0
2012-05-17,0,0
2012-05-18,0,0
2012-05-19,0,0
2012-05-20,0,0
2012-05-21,0,0
2012-05-22,0,0
2012-05-23,0,0
2012-05-24,0,0
2012-05-25,0,0
2012-05-26,0,0
2012-05-27,0,0
2012-05-28,0,0
2012-05-29,0,0
2012-05-30,0,0
2012-05-31,0,0
2012-06-01,0,0
2012-06-02,0,0
2012-06-03,0,0
2012-06-04,0,0
2012-06-05,0,0
2012-06-06,0,0
2012-06-07,0,0
2012-06-08,0,0
2012-06-09,0,0
2012-06-10,0,0
2012-06-11,0,0
2012-06-12,0,0
2012-06-13,0,0
2012-06-14,0,0
2012-06-15,0,0
2012-06-16,0,0
2012-06-17,0,0
2012-06-18,0,0
2012-06-19,0,0
2012-06-20,0,0
2012-06-21,0,0
2012-06-22,0,0
2012-06-23,0,0
2012-06-24,0,0
2012-06-25,0,0
2012-06-26,0,0
2012-06-27,0,0
2012-06-28,0,0
2012-06-29,0,0
2012-06-30,0,0
2012-07-01,0,0
2012-07-02,0,0
2012-07-03,0,0
2012-07-04,0,0
2012-07-05,0,0
2012-07-06,0,0
2012-07-07,0,0
2012-07-08,0,0
2012-07-09,0,0
2012-07-10,0,0
2012-07-11,0,0
2012-07-12,0,0
2012-07-13,0,0
2012-07-14,0,0
2012-07-15,0,0
2012-07-16,0,0
2012-07-17,0,0
2012-07-18,0,0
2012-07-19,0,0
2012-07-20,0,0
2012-07-21,0,0
2012-07-22,0,0
2012-07-23,0,0
2012-07-24,0,0
2012-07-25,0,0
2012-07-26,0,0
2012-07-27,0,0
2012-07-28,0,0
2012-07-29,0,0
2012-07-30,0,0
2012-07-31,0,0
2012-08-01,0,0
2012-08-02,0,0
2012-08-03,0,0
2012-08-04,0,0
2012-08-05,0,0
2012-08-06,0,0
2012-08-07,0,0
2012-08-08,0,0
2012-08-09,0,0
2012-08-10,0,0
2012-08-11,0,0
2012-08-12,0,0
2012-08-13,0,0
2012-08-14,0,0
2012-08-15,0,0
2012-08-16,0,0
2012-08-17,0,0
2012-08-18,0,0
2012-08-19,0,0
2012-08-20,0,0
2012-08-21,0,0
2012-08-22,0,0
2012-08-23,0,0
2012-08-24,0,0
2012-08-25,0,0
2012-08-26,0,0
2012-08-27,0,0
2012-08-28,0,0
2012-08-29,0,0
2012-08-30,0,0
2012-08-31,0,0
2012-09-01,0,0
2012-09-02,0,0
2012-09-03,0,0
2012-09-04,0,0
2012-09-05,0,0
2012-09-06,0,0
2012-09-07,0,0
2012-09-08,0,0
2012-09-09,0,0
2012-09-10,0,0
2012-09-11,0,0
2012-09-12,0,0
2012-09-13,0,0
2012-09-14,0,0
2012-09-15,0,0
2012-09-16,0,0
2012-09-17,0,0
2012-09-18,0,0
2012-09-19,0,0
2012-09-20,0,0
2012-09-21,0,0
2012-09-22,0,0
2012-09-23,0,0
2012-09-24,0,0
2012-09-25,0,0
2012-09-26,0,0
2012-09-27,0,0
2012-09-28,0,0
2012-09-29,0,0
2012-09-30,0,0
2012-10-01,0,0
2012-10-02,0,0
2012-10-03,0,0
2012-10-04,0,0
2012-10-05,0,0
2012-10-06,0,0
2012-10-07,0,0
2012-10-08,0,0
2012-10-09,0,0
2012-10-10,0,0
2012-10-11,0,0
2012-10-12,0,0
2012-10-13,0,0
2012-10-14,0,0
2012-10-15,0,0
2012-10-16,0,0
2012-10-17,0,0
2012-10-18,0,0
2012-10-19,0,0
2012-10-20,0,0
2012-10-21,0,0
2012-10-22,0,0
2012-10-23,0,0
2012-10-24,0,0
2012-10-25,0,0
2012-10-26,0,0
2012-10-27,0,0
2012-10-28,0,0
2012-10-29,0,0
2012-10-30,0,0
2012-10-31,0,0
2012-11-01,0,0
2012-11-02,0,0
2012-11-03,0,0
2012-11-04,0,0
2012-11-05,0,0
2012-11-06,0,0
2012-11-07,0,0
2012-11-08,0,0
2012-11-09,0,0
2012-11-10,0,0
2012-11-11,0,0
2012-11-12,0,0
2012-11-13,0,0
2012-11-14,0,0
2012-11-15,0,0
2012-11-16,0,0
2012-11-17,0,0
2012-11-18,0,0
2012-11-19,0,0
2012-11-20,0,0
2012-11-21,0,0
2012-11-22,0,0
2012-11-23,0,0
2012-11-24,0,0
2012-11-25,0,0
2012-11-26,0,0
2012-11-27,0,0
2012-11-28,0,0
2012-11-29,0,0
2012-11-30,0,0
2012-12-01,0,0
2012-12-02,0,0
2012-12-03,0,0
2012-12-04,0,0
2012-12-05,0,0
2012-12-06,0,0
2012-12-07,0,0
2012-12-08,0,0
2012-12-09,0,0
2012-12-10,0,0
2012-12-11,0,0
2012-12-12,0,0
2012-12-13,0,0
2012-12-14,0,0
2012-12-15,0,0
2012-12-16,0,0
2012-12-17,0,0
2012-12-18,0,0
2012-12-19,0,0
2012-12-20,0,0
2012-12-21,0,0
2012-12-22,0,0
2012-12-23,0,0
2012-12-24,0,0
2012-12-25,0,0
2012-12-26,0,0
2012-12-27,0,0
2012-12-28,0,0
2012-12-29,0,0
2012-12-30,0,0
2012-12-31,0,0
2013-01-01,0,0
2013-01-02,0,0
2013-01-03,0,0
2013-01-04,0,0
2013-01-05,0,0
2013-01-06,0,0
2013-01-07,0,0
2013-01-08,0,0
2013-01-09,0,0
2013-01-10,0,0
2013-01-11,0,0
2013-01-12,0,0
2013-01-13,0,0
2013-01-14,0,0
2013-01-15,0,0
2013-01-16,0,0
2013-01-17,0,0
2013-01-18,0,0
2013-01-19,0,0
2013-01-20,0,0
2013-01-21,0,0
2013-01-22,0,0
2013-01-23,0,0
2013-01-24,0,0
2013-01-25,0,0
2013-01-26,0,0
2013-01-27,0,0
2013-01-28,0,0
2013-01-29,0,0
2013-01-30,0,0
2013-01-31,0,0
2013-02-01,0,0
2013-02-02,0,0
2013-02-03,0,0
2013-02-04,0,0
2013-02-05,0,0
2013-02-06,0,0
2013-02-07,0,0
2013-02-08,0,0
2013-02-09,0,0
2013-02-10,0,0
2013-02-11,0,0
2013-02-12,0,0
2013-02-13,0,0
2013-02-14,0,0
2013-02-15,0,0
2013-02-16,0,0
2013-02-17,0,0
2013-02-18,0,0
2013-02-19,0,0
2013-02-20,0,0
2013-02-21,0,0
2013-02-22,0,0
2013-02-23,0,0
2013-02-24,0,0
2013-02-25,0,0
2013-02-26,0,0
2013-02-27,0,0
2013-02-28,0,0
2013-03-01,0,0
2013-03-02,0,0
2013-03-03,0,0
2013-03-04,0,0
2013-03-05,0,0
2013-03-06,0,0
2013-03-07,0,0
2013-03-08,0,0
2013-03-09,0,0
2013-03-10,0,0
2013-03-11,0,0
2013-03-12,0,0
2013-03-13,0,0
2013-03-14,0,0
2013-03-15,0,0
2013-03-16,0,0
2013-03-17,0,0
2013-03-18,0,0
2013-03-19,0,0
2013-03-20,0,0
2013-03-21,0,0
2013-03-22,0,0
2013-03-23,0,0
2013-03-24,0,0
2013-03-25,0,0
2013-03-26,0,0
2013-03-27,0,0
2013-03-28,0,0
2013-03-29,0,0
2013-03-30,0,0
2013-03-31,0,0
2013-04-01,0,0
2013-04-02,0,0
2013-04-03,0,0
2013-04-04,0,0
2013-04-05,0,0
2013-04-06,0,0
2013-04-07,0,0
2013-04-08,0,0
2013-04-09,0,0
2013-04-10,0,0
2013-04-11,0,0
2013-04-12,0,0
2013-04-13,0,0
2013-04-14,0,0
2013-04-15,0,0
2013-04-16,0,0
2013-04-17,0,0
2013-04-18,0,0
2013-04-19,0,0
2013-04-20,0,0
2013-04-21,0,0
2013-04-22,0,0
2013-04-23,0,0
2013-04-24,0,0
2013-04-25,0,0
2013-04-26,0,0
2013-04-27,0,0
2013-04-28,0,0
2013-04-29,0,0
2013-04-30,0,0
2013-05-01,0,0
2013-05-02,0,0
2013-05-03,0,0
2013-05-04,0,0
2013-05-05,0,0
2013-05-06,0,0
2013-05-07,0,0
2013-05-08,0,0
2013-05-09,0,0
2013-05-10,0,0
2013-05-11,0,0
2013-05-12,0,0
2013-05-13,0,0
2013-05-14,0,0
2013-05-15,0,0
2013-05-16,0,0
2013-05-17,0,0
2013-05-18,0,0
2013-05-19,0,0
2013-05-20,0,0
2013-05-21,0,0
2013-05-22,0,0
2013-05-23,0,0
2013-05-24,0,0
2013-05-25,0,0
2013-05-26,0,0
2013-05-27,0,0
2013-05-28,0,0
2013-05-29,0,0
2013-05-30,0,0
2013-05-31,0,0
2013-06-01,0,0
2013-06-02,0,0
2013-06-03,0,0
2013-06-04,0,0
2013-06-05,0,0
2013-06-06,0,0
2013-06-07,0,0
2013-06-08,0,0
2013-06-09,0,0
2013-06-10,0,0
2013-06-11,0,0
2013-06-12,0,0
2013-06-13,0,0
2013-06-14,0,0
2013-06-15,0,0
2013-06-16,0,0
2013-06-17,0,0
2013-06-18,0,0
2013-06-19,0,0
2013-06-20,0,0
2013-06-21,0,0
2013-06-22,0,0
2013-06-23,0,0
2013-06-24,0,0
2013-06-25,0,0
2013-06-26,0,0
2013-06-27,0,0
2013-06-28,0,0
2013-06-29,0,0
2013-06-30,0,0
2013-07-01,0,0
2013-07-02,0,0
2013-07-03,0,0
2013-07-04,0,0
2013-07-05,0,0
2013-07-06,0,0
2013-07-07,0,0
2013-07-08,0,0
2013-07-09,0,0
2013-07-10,0,0
2013-07-11,0,0
2013-07-12,0,0
2013-07-13,0,0
2013-07-14,0,0
2013-07-15,0,0
2013-07-16,0,0
2013-07-17,0,0
2013-07-18,0,0
2013-07-19,0,0
2013-07-20,0,0
2013-07-21,0,0
2013-07-22,0,0
2013-07-23,0,0
2013-07-24,0,0
2013-07-25,0,0
2013-07-26,0,0
2013-07-27,0,0
2013-07-28,0,0
2013-07-29,0,0
2013-07-30,0,0
2013-07-31,0,0
2013-08-01,0,0
2013-08-02,0,0
2013-08-03,0,0
2013-08-04,0,0
2013-08-05,0,0
2013-08-06,0,0
2013-08-07,0,0
2013-08-08,0,0
2013-08-09,0,0
2013-08-10,0,0
2013-08-11,0,0
2013-08-12,0,0
2013-08-13,0,0
2013-08-14,0,0
2013-08-15,0,0
2013-08-16,0,0
2013-08-17,0,0
2013-08-18,0,0
2013-08-19,0,0
2013-08-20,0,0
2013-08-21,0,0
2013-08-22,0,0
2013-08-23,0,0
2013-08-24,0,0
2013-08-25,0,0
2013-08-26,0,0
2013-08-27,0,0
2013-08-28,0,0
2013-08-29,0,0
2013-08-30,0,0
2013-08-31,0,0
2013-09-01,0,0
2013-09-02,0,0
2013-09-03,0,0
2013-09-04,0,0
2013-09-05,0,0
2013-09-06,0,0
2013-09-07,0,0
2013-09-08,0,0
2013-09-09,0,0
2013-09-10,0,0
2013-09-11,0,0
2013-09-12,0,0
2013-09-13,0,0
2013-09-14,0,0
2013-09-15,0,0
2013-09-16,0,0
2013-09-17,0,0
2013-09-18,0,0
2013-09-19,0,0
2013-09-20,0,0
2013-09-21,0,0
2013-09-22,0,0
2013-09-23,0,0
2013-09-24,0,0
2013-09-25,0,0
2013-09-26,0,0
2013-09-27,0,0
2013-09-28,0,0
2013-09-29,0,0
2013-09-30,0,0
2013-10-01,0,0
2013-10-02,0,0
2013-10-03,0,0
2013-10-04,0,0
2013-10-05,0,0
2013-10-06,0,0
2013-10-07,0,0
2013-10-08,0,0
2013-10-09,0,0
2013-10-10,0,0
2013-10-11,0,0
2013-10-12,0,0
2013-10-13,0,0
2013-10-14,0,0
2013-10-15,0,0
2013-10-16,0,0
2013-10-17,0,0
2013-10-18,0,0
2013-10-19,0,0
2013-10-20,0,0
2013-10-21,0,0
2013-10-22,0,0
2013-10-23,0,0
2013-10-24,0,0
2013-10-25,0,0
2013-10-26,0,0
2013-10-27,0,0
2013-10-28,0,0
2013-10-29,0,0
2013-10-30,0,0
2013-10-31,0,0
2013-11-01,0,0
2013-11-02,0,0
2013-11-03,0,0
2013-11-04,0,0
2013-11-05,0,0
2013-11-06,0,0
2013-11-07,0,0
2013-11-08,0,0
2013-11-09,0,0
2013-11-10,0,0
2013-11-11,0,0
2013-11-12,0,0
2013-11-13,0,0
2013-11-14,0,0
2013-11-15,0,0
2013-11-16,0,0
2013-11-17,0,0
2013-11-18,0,0
2013-11-19,0,0
2013-11-20,0,0
2013-11-21,0,0
2013-11-22,0,0
2013-11-23,0,0
2013-11-24,0,0
2013-11-25,0,0
2013-11-26,0,0
2013-11-27,0,0
2013-11-28,0,0
2013-11-29,0,0
2013-11-30,0,0
2013-12-01,0,0
2013-12-02,0,0
2013-12-03,0,0
2013-12-04,0,0
2013-12-05,0,0
2013-12-06,0,0
2013-12-07,0,0
2013-12-08,0,0
2013-12-09,0,0
2013-12-10,0,0
2013-12-11,0,0
2013-12-12,0,0
2013-12-13,0,0
2013-12-14,0,0
2013-12-15,0,0
2013-12-16,0,0
2013-12-17,0,0
2013-12-18,0,0
2013-12-19,0,0
2013-12-20,0,0
2013-12-21,0,0
2013-12-22,0,0
2013-12-23,0,0
2013-12-24,0,0
2013-12-25,0,0
2013-12-26,0,0
2013-12-27,0,0
2013-12-28,0,0
2013-12-29,0,0
2013-12-30,0,0
2013-12-31,0,0
2014-01-01,0,0
2014-01-02,0,0
2014-01-03,0,0
2014-01-04,0,0
2014-01-05,0,0
2014-01-06,0,0
2014-01-07,0,0
2014-01-08,0,0
2014-01-09,0,0
2014-01-10,0,0
2014-01-11,0,0
2014-01-12,0,0
2014-01-13,0,0
2014-01-14,0,0
2014-01-15,0,0
2014-01-16,0,0
2014-01-17,0,0
2014-01-18,0,0
2014-01-19,0,0
2014-01-20,0,0
2014-01-21,0,0
2014-01-22,0,0
2014-01-23,0,0
2014-01-24,0,0
2014-01-25,0,0
2014-01-26,0,0
2014-01-27,0,0
2014-01-28,0,0
2014-01-29,0,0
2014-01-30,0,0
2014-01-31,0,0
2014-02-01,0,0
2014-02-02,0,0
2014-02-03,0,0
2014-02-04,0,0
2014-02-05,0,0
2014-02-06,0,0
2014-02-07,0,0
2014-02-08,0,0
2014-02-09,0,0
2014-02-10,0,0
2014-02-11,0,0
2014-02-12,0,0
2014-02-13,0,0
2014-02-14,0,0
2014-02-15,0,0
2014-02-16,0,0
2014-02-17,0,0
2014-02-18,0,0
2014-02-19,0,0
2014-02-20,0,0
2014-02-21,0,0
2014-02-22,0,0
2014-02-23,0,0
2014-02-24,0,0
2014-02-25,0,0
2014-02-26,0,0
2014-02-27,0,0
2014-02-28,0,0
2014-03-01,0,0
2014-03-02,0,0
2014-03-03,0,0
2014-03-04,0,0
2014-03-05,0,0
2014-03-06,0,0
2014-03-07,0,0
2014-03-08,0,0
2014-03-09,0,0
2014-03-10,0,0
2014-03-11,0,0
2014-03-12,0,0
2014-03-13,0,0
2014-03-14,0,0
2014-03-15,0,0
2014-03-16,0,0
2014-03-17,0,0
2014-03-18,0,0
2014-03-19,0,0
2014-03-20,0,0
2014-03-21,0,0
2014-03-22,0,0
2014-03-23,0,0
2014-03-24,0,0
2014-03-25,0,0
2014-03-26,0,0
2014-03-27,0,0
2014-03-28,0,0
2014-03-29,0,0
2014-03-30,0,0
2014-03-31,0,0
2014-04-01,0,0
2014-04-02,0,0
2014-04-03,0,0
2014-04-04,0,0
2014-04-05,0,0
2014-04-06,0,0
2014-04-07,0,0
2014-04-08,0,0
2014-04-09,0,0
2014-04-10,0,0
2014-04-11,0,0
2014-04-12,0,0
2014-04-13,0,0
2014-04-14,0,0
2014-04-15,0,0
2014-04-16,0,0
2014-04-17,0,0
2014-04-18,0,0
2014-04-19,0,0
2014-04-20,0,0
2014-04-21,0,0
2014-04-22,0,0
2014-04-23,0,0
2014-04-24,0,0
2014-04-25,0,0
2014-04-26,0,0
2014-04-27,0,0
2014-04-28,0,0
2014-04-29,0,0
2014-04-30,0,0
2014-05-01,0,0
2014-05-02,0,0
2014-05-03,0,0
2014-05-04,0,0
2014-05-05,0,0
2014-05-06,0,0
2014-05-07,0,0
2014-05-08,0,0
2014-05-09,0,0
2014-05-10,0,0
2014-05-11,0,0
2014-05-12,0,0
2014-05-13,0,0
2014-05-14,0,0
2014-05-15,0,0
2014-05-16,0,0
2014-05-17,0,0
2014-05-18,0,0
2014-05-19,0,0
2014-05-20,0,0
2014-05-21,0,0
2014-05-22,0,0
2014-05-23,0,0
2014-05-24,0,0
2014-05-25,0,0
2014-05-26,0,0
2014-05-27,0,0
2014-05-28,0,0
2014-05-29,0,0
2014-05-30,0,0
2014-05-31,0,0
2014-06-01,0,0
2014-06-02,0,0
2014-06-03,0,0
2014-06-04,0,0
2014-06-05,0,0
2014-06-06,0,0
2014-06-07,0,0
2014-06-08,0,0
2014-06-09,0,0
2014-06-10,0,0
2014-06-11,0,0
2014-06-12,0,0
2014-06-13,0,0
2014-06-14,0,0
2014-06-15,0,0
2014-06-16,0,0
2014-06-17,0,0
2014-06-18,0,0
2014-06-19,0,0
2014-06-20,0,0
2014-06-21,0,0
2014-06-22,0,0
2014-06-23,0,0
2014-06-24,0,0
2014-06-25,0,0
2014-06-26,0,0
2014-06-27,0,0
2014-06-28,0,0
2014-06-29,0,0
2014-06-30,0,0
2014-07-01,0,0
2014-07-02,0,0
2014-07-03,0,0
2014-07-04,0,0
2014-07-05,0,0
2014-07-06,0,0
2014-07-07,0,0
2014-07-08,0,0
2014-07-09,0,0
2014-07-10,0,0
2014-07-11,0,0
2014-07-12,0,0
2014-07-13,0,0
2014-07-14,0,0
2014-07-15,0,0
2014-07-16,0,0
2014-07-17,0,0
2014-07-18,0,0
2014-07-19,0,0
2014-07-20,0,0
2014-07-21,0,0
2014-07-22,0,0
2014-07-23,0,0
2014-07-24,0,0
2014-07-25,0,0
2014-07-26,0,0
2014-07-27,0,0
2014-07-28,0,0
2014-07-29,0,0
2014-07-30,0,0
2014-07-31,0,0
2014-08-01,0,0
2014-08-02,0,0
2014-08-03,0,0
2014-08-04,0,0
2014-08-05,0,0
2014-08-06,0,0
2014-08-07,0,0
2014-08-08,0,0
2014-08-09,0,0
2014-08-10,0,0
2014-08-11,0,0
2014-08-12,0,0
2014-08-13,0,0
2014-08-14,0,0
2014-08-15,0,0
2014-08-16,0,0
2014-08-17,0,0
2014-08-18,0,0
2014-08-19,0,0
2014-08-20,0,0
2014-08-21,0,0
2014-08-22,0,0
2014-08-23,0,0
2014-08-24,0,0
2014-08-25,0,0
2014-08-26,0,0
2014-08-27,0,0
2014-08-28,0,0
2014-08-29,0,0
2014-08-30,0,0
2014-08-31,0,0
2014-09-01,0,0
2014-09-02,0,0
2014-09-03,0,0
2014-09-04,0,0
2014-09-05,0,0
2014-09-06,0,0
2014-09-07,0,0
2014-09-08,0,0
2014-09-09,0,0
2014-09-10,0,0
2014-09-11,0,0
2014-09-12,0,0
2014-09-13,0,0
2014-09-14,0,0
2014-09-15,0,0
2014-09-16,0,0
2014-09-17,0,0
2014-09-18,0,0
2014-09-19,0,0
2014-09-20,0,0
2014-09-21,0,0
2014-09-22,0,0
2014-09-23,0,0
2014-09-24,0,0
2014-09-25,0,0
2014-09-26,0,0
2014-09-27,0,0
2014-09-28,0,0
2014-09-29,0,0
2014-09-30,0,0
2014-10-01,0,0
2014-10-02,0,0
2014-10-03,0,0
2014-10-04,0,0
2014-10-05,0,0
2014-10-06,0,0
2014-10-07,0,0
2014-10-08,0,0
2014-10-09,0,0
2014-10-10,0,0
2014-10-11,0,0
2014-10-12,0,0
2014-10-13,0,0
2014-10-14,0,0
2014-10-15,0,0
2014-10-16,0,0
2014-10-17,0,0
2014-10-18,0,0
2014-10-19,0,0
2014-10-20,0,0
2014-10-21,0,0
2014-10-22,0,0
2014-10-23,0,0
2014-10-24,0,0
2014-10-25,0,0
2014-10-26,0,0
2014-10-27,0,0
2014-10-28,0,0
2014-10-29,0,0
2014-10-30,0,0
2014-10-31,0,0
2014-11-01,0,0
2014-11-02,0,0
2014-11-03,0,0
2014-11-04,0,0
2014-11-05,0,0
2014-11-06,0,0
2014-11-07,0,0
2014-11-08,0,0
2014-11-09,0,0
2014-11-10,0,0
2014-11-11,0,0
2014-11-12,0,0
2014-11-13,0,0
2014-11-14,0,0
2014-11-15,0,0
2014-11-16,0,0
2014-11-17,0,0
2014-11-18,0,0
2014-11-19,0,0
2014-11-20,0,0
2014-11-21,0,0
2014-11-22,0,0
2014-11-23,0,0
2014-11-24,0,0
2014-11-25,0,0
2014-11-26,0,0
2014-11-27,0,0
2014-11-28,0,0
2014-11-29,0,0
2014-11-30,0,0
2014-12-01,0,0
2014-12-02,0,0
2014-12-03,0,0
2014-12-04,0,0
2014-12-05,0,0
2014-12-06,0,0
2014-12-07,0,0
2014-12-08,0,0
2014-12-09,0,0
2014-12-10,0,0
2014-12-11,0,0
2014-12-12,0,0
2014-12-13,0,0
2014-12-14,0,0
2014-12-15,0,0
2014-12-16,0,0
2014-12-17,0,0
2014-12-18,0,0
2014-12-19,0,0
2014-12-20,0,0
2014-12-21,0,0
2014-12-22,0,0
2014-12-23,0,0
2014-12-24,0,0
2014-12-25,0,0
2014-12-26,0,0
2014-12-27,0,0
2014-12-28,0,0
2014-12-29,0,0
2014-12-30,0,0
2014-12-31,0,0
2015-01-01,0,0
2015-01-02,0,0
2015-01-03,0,0
2015-01-04,0,0
2015-01-05,0,0
2015-01-06,0,0
2015-01-07,0,0
2015-01-08,0,0
2015-01-09,0,0
2015-01-10,0,0
2015-01-11,0,0
2015-01-12,0,0
2015-01-13,0,0
2015-01-14,0,0
2015-01-15,0,0
2015-01-16,0,0
2015-01-17,0,0
2015-01-18,0,0
2015-01-19,0,0
2015-01-20,0,0
2015-01-21,0,0
2015-01-22,0,0
2015-01-23,0,0
2015-01-24,0,0
2015-01-25,0,0
2015-01-26,0,0
2015-01-27,0,0
2015-01-28,0,0
2015-01-29,0,0
2015-01-30,0,0
2015-01-31,0,0
2015-02-01,0,0
2015-02-02,0,0
2015-02-03,0,0
2015-02-04,0,0
2015-02-05,0,0
2015-02-06,0,0
2015-02-07,0,0
2015-02-08,0,0
2015-02-09,0,0
2015-02-10,0,0
2015-02-11,0,0
2015-02-12,0,0
2015-02-13,0,0
2015-02-14,0,0
2015-02-15,0,0
2015-02-16,0,0
2015-02-17,0,0
2015-02-18,0,0
2015-02-19,0,0
2015-02-20,0,0
2015-02-21,0,0
2015-02-22,0,0
2015-02-23,0,0
2015-02-24,0,0
2015-02-25,0,0
2015-02-26,0,0
2015-02-27,0,0
2015-02-28,0,0
2015-03-01,0,0
2015-03-02,0,0
2015-03-03,0,0
2015-03-04,0,0
2015-03-05,0,0
2015-03-06,0,0
2015-03-07,0,0
2015-03-08,0,0
2015-03-09,0,0
2015-03-10,0,0
2015-03-11,0,0
2015-03-12,0,0
2015-03-13,0,0
2015-03-14,0,0
2015-03-15,0,0
2015-03-16,0,0
2015-03-17,0,0
2015-03-18,0,0
2015-03-19,0,0
2015-03-20,0,0
2015-03-21,0,0
2015-03-22,0,0
2015-03-23,0,0
2015-03-24,0,0
2015-03-25,0,0
2015-03-26,0,0
2015-03-27,0,0
2015-03-28,0,0
2015-03-29,0,0
2015-03-30,0,0
2015-03-31,0,0
2015-04-01,0,0
2015-04-02,0,0
2015-04-03,0,0
2015-04-04,0,0
2015-04-05,0,0
2015-04-06,0,0
2015-04-07,0,0
2015-04-08,0,0
2015-04-09,0,0
2015-04-10,0,0
2015-04-11,0,0
2015-04-12,0,0
2015-04-13,0,0
2015-04-14,0,0
2015-04-15,0,0
2015-04-16,0,0
2015-04-17,0,0
2015-04-18,0,0
2015-04-19,0,0
2015-04-20,0,0
2015-04-21,0,0
2015-04-22,0,0
2015-04-23,0,0
2015-04-24,0,0
2015-04-25,0,0
2015-04-26,0,0
2015-04-27,0,0
2015-04-28,0,0
2015-04-29,0,0
2015-04-30,0,0
2015-05-01,0,0
2015-05-02,0,0
2015-05-03,0,0
2015-05-04,0,0
2015-05-05,0,0
2015-05-06,0,0
2015-05-07,0,0
2015-05-08,0,0
2015-05-09,0,0
2015-05-10,0,0
2015-05-11,0,0
2015-05-12,0,0
2015-05-13,0,0
2015-05-14,0,0
2015-05-15,0,0
2015-05-16,0,0
2015-05-17,0,0
2015-05-18,0,0
2015-05-19,0,0
2015-05-20,0,0
2015-05-21,0,0
2015-05-22,0,0
2015-05-23,0,0
2015-05-24,0,0
2015-05-25,0,0
2015-05-26,0,0
2015-05-27,0,0
2015-05-28,0,0
2015-05-29,0,0
2015-05-30,0,0
2015-05-31,0,0
2015-06-01,0,0
2015-06-02,0,0
2015-06-03,0,0
2015-06-04,0,0
2015-06-05,0,0
2015-06-06,0,0
2015-06-07,0,0
2015-06-08,0,0
2015-06-09,0,0
2015-06-10,0,0
2015-06-11,0,0
2015-06-12,0,0
2015-06-13,0,0
2015-06-14,0,0
2015-06-15,0,0
2015-06-16,0,0
2015-06-17,0,0
2015-06-18,0,0
2015-06-19,0,0
2015-06-20,0,0
2015-06-21,0,0
2015-06-22,0,0
2015-06-23,0,0
2015-06-24,0,0
2015-06-25,0,0
2015-06-26,0,0
2015-06-27,0,0
2015-06-28,0,0
2015-06-29,0,0
2015-06-30,0,0
2015-07-01,0,0
2015-07-02,0,0
2015-07-03,0,0
2015-07-04,0,0
2015-07-05,0,0
2015-07-06,0,0
2015-07-07,0,0
2015-07-08,0,0
2015-07-09,0,0
2015-07-10,0,0
2015-07-11,0,0
2015-07-12,0,0
2015-07-13,0,0
2015-07-14,0,0
2015-07-15,0,0
2015-07-16,0,0
2015-07-17,0,0
2015-07-18,0,0
2015-07-19,0,0
2015-07-20,0,0
2015-07-21,0,0
2015-07-22,0,0
2015-07-23,0,0
2015-07-24,0,0
2015-07-25,0,0
2015-07-26,0,0
2015-07-27,0,0
2015-07-28,0,0
2015-07-29,0,0
2015-07-30,0,0
2015-07-31,0,0
2015-08-01,0,0
2015-08-02,0,0
2015-08-03,0,0
2015-08-04,0,0
2015-08-05,0,0
2015-08-06,0,0
2015-08-07,0,0
2015-08-08,0,0
2015-08-09,0,0
2015-08-10,0,0
2015-08-11,0,0
2015-08-12,0,0
2015-08-13,0,0
2015-08-14,0,0
2015-08-15,0,0
2015-08-16,0,0
2015-08-17,0,0
2015-08-18,0,0
2015-08-19,0,0
2015-08-20,0,0
2015-08-21,0,0
2015-08-22,0,0
2015-08-23,0,0
2015-08-24,0,0
2015-08-25,0,0
2015-08-26,0,0
2015-08-27,0,0
2015-08-28,0,0
2015-08-29,0,0
2015-08-30,0,0
2015-08-31,0,0
2015-09-01,0,0
2015-09-02,0,0
2015-09-03,0,0
2015-09-04,0,0
2015-09-05,0,0
2015-09-06,0,0
2015-09-07,0,0
2015-09-08,0,0
2015-09-09,0,0
2015-09-10,0,0
2015-09-11,0,0
2015-09-12,0,0
2015-09-13,0,0
2015-09-14,0,0
2015-09-15,0,0
2015-09-16,0,0
2015-09-17,0,0
2015-09-18,0,0
2015-09-19,0,0
2015-09-20,0,0
2015-09-21,0,0
2015-09-22,0,0
2015-09-23,0,0
2015-09-24,0,0
2015-09-25,0,0
2015-09-26,0,0
2015-09-27,0,0
2015-09-28,0,0
2015-09-29,0,0
2015-09-30,0,0
2015-10-01,0,0
2015-10-02,0,0
2015-10-03,0,0
2015-10-04,0,0
2015-10-05,0,0
2015-10-06,0,0
2015-10-07,0,0
2015-10-08,0,0
2015-10-09,0,0
2015-10-10,0,0
2015-10-11,0,0
2015-10-12,0,0
2015-10-13,0,0
2015-10-14,0,0
2015-10-15,0,0
2015-10-16,0,0
2015-10-17,0,0
2015-10-18,0,0
2015-10-19,0,0
2015-10-20,0,0
2015-10-21,0,0
2015-10-22,0,0
2015-10-23,0,0
2015-10-24,0,0
2015-10-25,0,0
2015-10-26,0,0
2015-10-27,0,0
2015-10-28,0,0
2015-10-29,0,0
2015-10-30,0,0
2015-10-31,0,0
2015-11-01,0,0
2015-11-02,0,0
2015-11-03,0,0
2015-11-04,0,0
2015-11-05,0,0
2015-11-06,0,0
2015-11-07,0,0
2015-11-08,0,0
2015-11-09,0,0
2015-11-10,0,0
2015-11-11,0,0
2015-11-12,0,0
2015-11-13,0,0
2015-11-14,0,0
2015-11-15,0,0
2015-11-16,0,0
2015-11-17,0,0
2015-11-18,0,0
2015-11-19,0,0
2015-11-20,0,0
2015-11-21,0,0
2015-11-22,0,0
2015-11-23,0,0
2015-11-24,0,0
2015-11-25,0,0
2015-11-26,0,0
2015-11-27,0,0
2015-11-28,0,0
2015-11-29,0,0
2015-11-30,0,0
2015-12-01,0,0
2015-12-02,0,0
2015-12-03,0,0
2015-12-04,0,0
2015-12-05,0,0
2015-12-06,0,0
2015-12-07,0,0
2015-12-08,0,0
2015-12-09,0,0
2015-12-10,0,0
2015-12-11,0,0
2015-12-12,0,0
2015-12-13,0,0
2015-12-14,0,0
2015-12-15,0,0
2015-12-16,0,0
2015-12-17,0,0
2015-12-18,0,0
2015-12-19,0,0
2015-12-20,0,0
2015-12-21,0,0
2015-12-22,0,0
2015-12-23,0,0
2015-12-24,0,0
2015-12-25,0,0
2015-12-26,0,0
2015-12-27,0,0
2015-12-28,0,0
2015-12-29,0,0
2015-12-30,0,0
2015-12-31,0,0
2016-01-01,0,0
2016-01-02,0,0
2016-01-03,0,0
2016-01-04,0,0
2016-01-05,0,0
2016-01-06,0,0
2016-01-07,0,0
2016-01-08,0,0
2016-01-09,0,0
2016-01-10,0,0
2016-01-11,0,0
2016-01-12,0,0
2016-01-13,0,0
2016-01-14,0,0
2016-01-15,0,0
2016-01-16,0,0
2016-01-17,0,0
2016-01-18,0,0
2016-01-19,0,0
2016-01-20,0,0
2016-01-21,0,0
2016-01-22,0,0
2016-01-23,0,0
2016-01-24,0,0
2016-01-25,0,0
2016-01-26,0,0
2016-01-27,0,0
2016-01-28,0,0
2016-01-29,0,0
2016-01-30,0,0
2016-01-31,0,0
2016-02-01,0,0
2016-02-02,0,0
2016-02-03,0,0
2016-02-04,0,0
2016-02-05,0,0
2016-02-06,0,0
2016-02-07,0,0
2016-02-08,0,0
2016-02-09,0,0
2016-02-10,0,0
2016-02-11,0,0
2016-02-12,0,0
2016-02-13,0,0
2016-02-14,0,0
2016-02-15,0,0
2016-02-16,0,0
2016-02-17,0,0
2016-02-18,0,0
2016-02-19,0,0
2016-02-20,0,0
2016-02-21,0,0
2016-02-22,0,0
2016-02-23,0,0
2016-02-24,0,0
2016-02-25,0,0
2016-02-26,0,0
2016-02-27,0,0
2016-02-28,0,0
2016-02-29,0,0
2016-03-01,0,0
2016-03-02,0,0
2016-03-03,0,0
2016-03-04,0,0
2016-03-05,0,0
2016-03-06,0,0
2016-03-07,0,0
2016-03-08,0,0
2016-03-09,0,0
2016-03-10,0,0
2016-03-11,0,0
2016-03-12,0,0
2016-03-13,0,0
2016-03-14,0,0
2016-03-15,0,0
2016-03-16,0,0
2016-03-17,0,0
2016-03-18,0,0
2016-03-19,0,0
2016-03-20,0,0
2016-03-21,0,0
2016-03-22,0,0
2016-03-23,0,0
2016-03-24,0,0
2016-03-25,0,0
2016-03-26,0,0
2016-03-27,0,0
2016-03-28,0,0
2016-03-29,0,0
2016-03-30,0,0
2016-03-31,0,0
2016-04-01,0,0
2016-04-02,0,0
2016-04-03,0,0
2016-04-04,0,0
2016-04-05,0,0
2016-04-06,0,0
2016-04-07,0,0
2016-04-08,0,0
2016-04-09,0,0
2016-04-10,0,0
2016-04-11,0,0
2016-04-12,0,0
2016-04-13,0,0
2016-04-14,0,0
2016-04-15,0,0
2016-04-16,0,0
2016-04-17,0,0
2016-04-18,0,0
2016-04-19,0,0
2016-04-20,0,0
2016-04-21,0,0
2016-04-22,0,0
2016-04-23,0,0
2016-04-24,0,0
2016-04-25,0,0
2016-04-26,0,0
2016-04-27,0,0
2016-04-28,0,0
2016-04-29,0,0
2016-04-30,0,0
2016-05-01,0,0
2016-05-02,0,0
2016-05-03,0,0
2016-05-04,0,0
2016-05-05,0,0
2016-05-06,0,0
2016-05-07,0,0
2016-05-08,0,0
2016-05-09,0,0
2016-05-10,0,0
2016-05-11,0,0
2016-05-12,0,0
2016-05-13,0,0
2016-05-14,0,0
2016-05-15,0,0
2016-05-16,0,0
2016-05-17,0,0
2016-05-18,0,0
2016-05-19,0,0
2016-05-20,0,0
2016-05-21,0,0
2016-05-22,0,0
2016-05-23,0,0
2016-05-24,0,0
2016-05-25,0,0
2016-05-26,0,0
2016-05-27,0,0
2016-05-28,0,0
2016-05-29,0,0
2016-05-30,0,0
2016-05-31,0,0
2016-06-01,0,0
2016-06-02,0,0
2016-06-03,0,0
2016-06-04,0,0
2016-06-05,0,0
2016-06-06,0,0
2016-06-07,0,0
2016-06-08,0,0
2016-06-09,0,0
2016-06-10,0,0
2016-06-11,0,0
2016-06-12,0,0
2016-06-13,0,0
2016-06-14,0,0
2016-06-15,0,0
2016-06-16,0,0
2016-06-17,0,0
2016-06-18,0,0
2016-06-19,0,0
2016-06-20,0,0
2016-06-21,0,0
2016-06-22,0,0
2016-06-23,0,0
2016-06-24,0,0
2016-06-25,0,0
2016-06-26,0,0
2016-06-27,0,0
2016-06-28,0,0
2016-06-29,0,0
2016-06-30,0,0
2016-07-01,0,0
2016-07-02,0,0
2016-07-03,0,0
2016-07-04,0,0
2016-07-05,0,0
2016-07-06,0,0
2016-07-07,0,0
2016-07-08,0,0
2016-07-09,0,0
2016-07-10,0,0
2016-07-11,0,0
2016-07-12,0,0
2016-07-13,0,0
2016-07-14,0,0
2016-07-15,0,0
2016-07-16,0,0
2016-07-17,0,0
2016-07-18,0,0
2016-07-19,0,0
2016-07-20,0,0
2016-07-21,0,0
2016-07-22,0,0
2016-07-23,0,0
2016-07-24,0,0
2016-07-25,0,0
2016-07-26,0,0
2016-07-27,0,0
2016-07-28,0,0
2016-07-29,0,0
2016-07-30,0,0
2016-07-31,0,0
2016-08-01,0,0
2016-08-02,0,0
2016-08-03,0,0
2016-08-04,0,0
2016-08-05,0,0
2016-08-06,0,0
2016-08-07,0,0
2016-08-08,0,0
2016-08-09,0,0
2016-08-10,0,0
2016-08-11,0,0
2016-08-12,0,0
2016-08-13,0,0
2016-08-14,0,0
2016-08-15,0,0
2016-08-16,0,0
2016-08-17,0,0
2016-08-18,0,0
2016-08-19,0,0
2016-08-20,0,0
2016-08-21,0,0
2016-08-22,0,0
2016-08-23,0,0
2016-08-24,0,0
2016-08-25,0,0
2016-08-26,0,0
2016-08-27,0,0
2016-08-28,0,0
2016-08-29,0,0
2016-08-30,0,0
2016-08-31,0,0
2016-09-01,0,0
2016-09-02,0,0
2016-09-03,0,0
2016-09-04,0,0
2016-09-05,0,0
2016-09-06,0,0
2016-09-07,0,0
2016-09-08,0,0
2016-09-09,0,0
2016-09-10,0,0
2016-09-11,0,0
2016-09-12,0,0
2016-09-13,0,0
2016-09-14,0,0
2016-09-15,0,0
2016-09-16,0,0
2016-09-17,0,0
2016-09-18,0,0
2016-09-19,0,0
2016-09-20,0,0
2016-09-21,0,0
2016-09-22,0,0
2016-09-23,0,0
2016-09-24,0,0
2016-09-25,0,0
2016-09-26,0,0
2016-09-27,0,0
2016-09-28,0,0
2016-09-29,0,0
2016-09-30,0,0
2016-10-01,0,0
2016-10-02,0,0
2016-10-03,0,0
2016-10-04,0,0
2016-10-05,0,0
2016-10-06,0,0
2016-10-07,0,0
2016-10-08,0,0
2016-10-09,0,0
2016-10-10,0,0
2016-10-11,0,0
2016-10-12,0,0
2016-10-13,0,0
2016-10-14,0,0
2016-10-15,0,0
2016-10-16,0,0
2016-10-17,0,0
2016-10-18,0,0
2016-10-19,0,0
2016-10-20,0,0
2016-10-21,0,0
2016-10-22,0,0
2016-10-23,0,0
2016-10-24,0,0
2016-10-25,0,0
2016-10-26,0,0
2016-10-27,0,0
2016-10-28,0,0
2016-10-29,0,0
2016-10-30,0,0
2016-10-31,0,0
2016-11-01,0,0
2016-11-02,0,0
2016-11-03,0,0
2016-11-04,0,0
2016-11-05,0,0
2016-11-06,0,0
2016-11-07,0,0
2016-11-08,0,0
2016-11-09,0,0
2016-11-10,0,0
2016-11-11,0,0
2016-11-12,0,0
2016-11-13,0,0
2016-11-14,0,0
2016-11-15,0,0
2016-11-16,0,0
2016-11-17,0,0
2016-11-18,0,0
2016-11-19,0,0
2016-11-20,0,0
2016-11-21,0,0
2016-11-22,0,0
2016-11-23,0,0
2016-11-24,0,0
2016-11-25,0,0
2016-11-26,0,0
2016-11-27,0,0
2016-11-28,0,0
2016-11-29,0,0
2016-11-30,0,0
2016-12-01,0,0
2016-12-02,0,0
2016-12-03,0,0
2016-12-04,0,0
2016-12-05,0,0
2016-12-06,0,0
2016-12-07,0,0
2016-12-08,0,0
2016-12-09,0,0
2016-12-10,0,0
2016-12-11,0,0
2016-12-12,0,0
2016-12-13,0,0
2016-12-14,0,0
2016-12-15,0,0
2016-12-16,0,0
2016-12-17,0,0
2016-12-18,0,0
2016-12-19,0,0
2016-12-20,0,0
2016-12-21,0,0
2016-12-22,0,0
2016-12-23,0,0
2016-12-24,0,0
2016-12-25,0,0
2016-12-26,0,0
2016-12-27,0,0
2016-12-28,0,0
2016-12-29,0,0
2016-12-30,0,0
2016-12-31,0,0
2017-01-01,0,0
2017-01-02,0,0
2017-01-03,0,0
2017-01-04,0,0
2017-01-05,0,0
2017-01-06,0,0
2017-01-07,0,0
2017-01-08,0,0
2017-01-09,0,0
2017-01-10,0,0
2017-01-11,0,0
2017-01-12,0,0
2017-01-13,0,0
2017-01-14,0,0
2017-01-15,0,0
2017-01-16,0,0
2017-01-17,0,0
2017-01-18,0,0
2017-01-19,0,0
2017-01-20,0,0
2017-01-21,0,0
2017-01-22,0,0
2017-01-23,0,0
2017-01-24,0,0
2017-01-25,0,0
2017-01-26,0,0
2017-01-27,0,0
2017-01-28,0,0
2017-01-29,0,0
2017-01-30,0,0
2017-01-31,0,0
2017-02-01,0,0
2017-02-02,0,0
2017-02-03,0,0
2017-02-04,0,0
2017-02-05,0,0
2017-02-06,0,0
2017-02-07,0,0
2017-02-08,0,0
2017-02-09,0,0
2017-02-10,0,0
2017-02-11,0,0
2017-02-12,0,0
2017-02-13,0,0
2017-02-14,0,0
2017-02-15,0,0
2017-02-16,0,0
2017-02-17,0,0
2017-02-18,0,0
2017-02-19,0,0
2017-02-20,0,0
2017-02-21,0,0
2017-02-22,0,0
2017-02-23,0,0
2017-02-24,0,0
2017-02-25,0,0
2017-02-26,0,0
2017-02-27,0,0
2017-02-28,0,0
2017-03-01,0,0
2017-03-02,0,0
2017-03-03,0,0
2017-03-04,0,0
2017-03-05,0,0
2017-03-06,0,0
2017-03-07,0,0
2017-03-08,0,0
2017-03-09,0,0
2017-03-10,0,0
2017-03-11,0,0
2017-03-12,0,0
2017-03-13,0,0
2017-03-14,0,0
2017-03-15,0,0
2017-03-16,0,0
2017-03-17,0,0
2017-03-18,0,0
2017-03-19,0,0
2017-03-20,0,0
2017-03-21,0,0
2017-03-22,0,0
2017-03-23,0,0
2017-03-24,0,0
2017-03-25,0,0
2017-03-26,0,0
2017-03-27,0,0
2017-03-28,0,0
2017-03-29,0,0
2017-03-30,0,0
2017-03-31,0,0
2017-04-01,0,0
2017-04-02,0,0
2017-04-03,0,0
2017-04-04,0,0
2017-04-05,0,0
2017-04-06,0,0
2017-04-07,0,0
2017-04-08,0,0
2017-04-09,0,0
2017-04-10,0,0
2017-04-11,0,0
2017-04-12,0,0
2017-04-13,0,0
2017-04-14,0,0
2017-04-15,0,0
2017-04-16,0,0
2017-04-17,0,0
2017-04-18,0,0
2017-04-19,0,0
2017-04-20,0,0
2017-04-21,0,0
2017-04-22,0,0
2017-04-23,0,0
2017-04-24,0,0
2017-04-25,0,0
2017-04-26,0,0
2017-04-27,0,0
2017-04-28,0,0
2017-04-29,0,0
2017-04-30,0,0
2017-05-01,0,0
2017-05-02,0,0
2017-05-03,0,0
2017-05-04,0,0
2017-05-05,0,0
2017-05-06,0,0
2017-05-07,0,0
2017-05-08,0,0
2017-05-09,0,0
2017-05-10,0,0
2017-05-11,0,0
2017-05-12,0,0
2017-05-13,0,0
2017-05-14,0,0
2017-05-15,0,0
2017-05-16,0,0
2017-05-17,0,0
2017-05-18,0,0
2017-05-19,0,0
2017-05-20,0,0
2017-05-21,0,0
2017-05-22,0,0
2017-05-23,0,0
2017-05-24,0,0
2017-05-25,0,0
2017-05-26,0,0
2017-05-27,0,0
2017-05-28,0,0
2017-05-29,0,0
2017-05-30,0,0
2017-05-31,0,0
2017-06-01,0,0
2017-06-02,0,0
2017-06-03,0,0
2017-06-04,0,0
2017-06-05,0,0
2017-06-06,0,0
2017-06-07,0,0
2017-06-08,0,0
2017-06-09,0,0
2017-06-10,0,0
2017-06-11,0,0
2017-06-12,0,0
2017-06-13,0,0
2017-06-14,0,0
2017-06-15,0,0
2017-06-16,0,0
2017-06-17,0,0
2017-06-18,0,0
2017-06-19,0,0
2017-06-20,0,0
2017-06-21,0,0
2017-06-22,0,0
2017-06-23,0,0
2017-06-24,0,0
2017-06-25,0,0
2017-06-26,0,0
2017-06-27,0,0
2017-06-28,0,0
2017-06-29,0,0
2017-06-30,0,0
2017-07-01,0,0
2017-07-02,0,0
2017-07-03,0,0
2017-07-04,0,0
2017-07-05,0,0
2017-07-06,0,0
2017-07-07,0,0
2017-07-08,0,0
2017-07-09,0,0
2017-07-10,0,0
2017-07-11,0,0
2017-07-12,0,0
2017-07-13,0,0
2017-07-14,0,0
2017-07-15,0,0
2017-07-16,0,0
2017-07-17,0,0
2017-07-18,0,0
2017-07-19,0,0
2017-07-20,0,0
2017-07-21,0,0
2017-07-22,0,0
2017-07-23,0,0
2017-07-24,0,0
2017-07-25,0,0
2017-07-26,0,0
2017-07-27,0,0
2017-07-28,0,0
2017-07-29,0,0
2017-07-30,0,0
2017-07-31,0,0
2017-08-01,0,0
2017-08-02,0,0
2017-08-03,0,0
2017-08-04,0,0
2017-08-05,0,0
2017-08-06,0,0
2017-08-07,0,0
2017-08-08,0,0
2017-08-09,0,0
2017-08-10,0,0
2017-08-11,0,0
2017-08-12,0,0
2017-08-13,0,0
2017-08-14,0,0
2017-08-15,0,0
2017-08-16,0,0
2017-08-17,0,0
2017-08-18,0,0
2017-08-19,0,0
2017-08-20,0,0
2017-08-21,0,0
2017-08-22,0,0
2017-08-23,0,0
2017-08-24,0,0
2017-08-25,0,0
2017-08-26,0,0
2017-08-27,0,0
2017-08-28,0,0
2017-08-29,0,0
2017-08-30,0,0
2017-08-31,0,0
2017-09-01,0,0
2017-09-02,0,0
2017-09-03,0,0
2017-09-04,0,0
2017-09-05,0,0
2017-09-06,0,0
2017-09-07,0,0
2017-09-08,0,0
2017-09-09,0,0
2017-09-10,0,0
2017-09-11,0,0
2017-09-12,0,0
2017-09-13,0,0
2017-09-14,0,0
2017-09-15,0,0
2017-09-16,0,0
2017-09-17,0,0
2017-09-18,0,0
2017-09-19,0,0
2017-09-20,0,0
2017-09-21,0,0
2017-09-22,0,0
2017-09-23,0,0
2017-09-24,0,0
2017-09-25,0,0
2017-09-26,0,0
2017-09-27,0,0
2017-09-28,0,0
2017-09-29,0,0
2017-09-30,0,0
2017-10-01,0,0
2017-10-02,0,0
2017-10-03,0,0
2017-10-04,0,0
2017-10-05,0,0
2017-10-06,0,0
2017-10-07,0,0
2017-10-08,0,0
2017-10-09,0,0
2017-10-10,0,0
2017-10-11,0,0
2017-10-12,0,0
2017-10-13,0,0
2017-10-14,0,0
2017-10-15,0,0
2017-10-16,0,0
2017-10-17,0,0
2017-10-18,0,0
2017-10-19,0,0
2017-10-20,0,0
2017-10-21,0,0
2017-10-22,0,0
2017-10-23,0,0
2017-10-24,0,0
2017-10-25,0,0
2017-10-26,0,0
2017-10-27,0,0
2017-10-28,0,0
2017-10-29,0,0
2017-10-30,0,0
2017-10-31,0,0
2017-11-01,0,0
2017-11-02,0,0
2017-11-03,0,0
2017-11-04,0,0
2017-11-05,0,0
2017-11-06,0,0
2017-11-07,0,0
2017-11-08,0,0
2017-11-09,0,0
2017-11-10,0,0
2017-11-11,0,0
2017-11-12,0,0
2017-11-13,0,0
2017-11-14,0,0
2017-11-15,0,0
2017-11-16,0,0
2017-11-17,0,0
2017-11-18,0,0
2017-11-19,0,0
2017-11-20,0,0
2017-11-21,0,0
2017-11-22,0,0
2017-11-23,0,0
2017-11-24,0,0
2017-11-25,0,0
2017-11-26,0,0
2017-11-27,0,0
2017-11-28,0,0
2017-11-29,0,0
2017-11-30,0,0
2017-12-01,0,0
2017-12-02,0,0
2017-12-03,0,0
2017-12-04,0,0
2017-12-05,0,0
2017-12-06,0,0
2017-12-07,0,0
2017-12-08,0,0
2017-12-09,0,0
2017-12-10,0,0
2017-12-11,0,0
2017-12-12,0,0
2017-12-13,0,0
2017-12-14,0,0
2017-12-15,0,0
2017-12-16,0,0
2017-12-17,0,0
2017-12-18,0,0
2017-12-19,0,0
2017-12-20,0,0
2017-12-21,0,0
2017-12-22,0,0
2017-12-23,0,0
2017-12-24,0,0
2017-12-25,0,0
2017-12-26,0,0
2017-12-27,0,0
2017-12-28,0,0
2017-12-29,0,0
2017-12-30,0,0
2017-12-31,0,0
2018-01-01,0,0
2018-01-02,0,0
2018-01-03,0,0
2018-01-04,0,0
2018-01-05,0,0
2018-01-06,0,0
2018-01-07,0,0
2018-01-08,0,0
2018-01-09,0,0
2018-01-10,0,0
2018-01-11,0,0
2018-01-12,0,0
2018-01-13,0,0
2018-01-14,0,0
2018-01-15,0,0
2018-01-16,0,0
2018-01-17,0,0
2018-01-18,0,0
2018-01-19,0,0
2018-01-20,0,0
2018-01-21,0,0
2018-01-22,0,0
2018-01-23,0,0
2018-01-24,0,0
2018-01-25,0,0
2018-01-26,0,0
2018-01-27,0,0
2018-01-28,0,0
2018-01-29,0,0
2018-01-30,0,0
2018-01-31,0,0
2018-02-01,0,0
2018-02-02,0,0
2018-02-03,0,0
2018-02-04,0,0
2018-02-05,0,0
2018-02-06,0,0
2018-02-07,0,0
2018-02-08,0,0
2018-02-09,0,0
2018-02-10,0,0
2018-02-11,0,0
2018-02-12,0,0
2018-02-13,0,0
2018-02-14,0,0
2018-02-15,0,0
2018-02-16,0,0
2018-02-17,0,0
2018-02-18,0,0
2018-02-19,0,0
2018-02-20,0,0
2018-02-21,0,0
2018-02-22,0,0
2018-02-23,0,0
2018-02-24,0,0
2018-02-25,0,0
2018-02-26,0,0
2018-02-27,0,0
2018-02-28,0,0
2018-03-01,0,0
2018-03-02,0,0
2018-03-03,0,0
2018-03-04,0,0
2018-03-05,0,0
2018-03-06,0,0
2018-03-07,0,0
2018-03-08,0,0
2018-03-09,0,0
2018-03-10,0,0
2018-03-11,0,0
2018-03-12,0,0
2018-03-13,0,0
2018-03-14,0,0
2018-03-15,0,0
2018-03-16,0,0
2018-03-17,0,0
2018-03-18,0,0
2018-03-19,0,0
2018-03-20,0,0
2018-03-21,0,0
2018-03-22,0,0
2018-03-23,0,0
2018-03-24,0,0
2018-03-25,0,0
2018-03-26,0,0
2018-03-27,0,0
2018-03-28,0,0
2018-03-29,0,0
2018-03-30,0,0
2018-03-31,0,0
2018-04-01,0,0
2018-04-02,0,0
2018-04-03,0,0
2018-04-04,0,0
2018-04-05,0,0
2018-04-06,0,0
2018-04-07,0,0
2018-04-08,0,0
2018-04-09,0,0
2018-04-10,0,0
2018-04-11,0,0
2018-04-12,0,0
2018-04-13,0,0
2018-04-14,0,0
2018-04-15,0,0
2018-04-16,0,0
2018-04-17,0,0
2018-04-18,0,0
2018-04-19,0,0
2018-04-20,0,0
2018-04-21,0,0
2018-04-22,0,0
2018-04-23,0,0
2018-04-24,0,0
2018-04-25,0,0
2018-04-26,0,0
2018-04-27,0,0
2018-04-28,0,0
2018-04-29,0,0
2018-04-30,0,0
2018-05-01,0,0
2018-05-02,0,0
2018-05-03,0,0
2018-05-04,0,0
2018-05-05,0,0
2018-05-06,0,0
2018-05-07,0,0
2018-05-08,0,0
2018-05-09,0,0
2018-05-10,0,0
2018-05-11,0,0
2018-05-12,0,0
2018-05-13,0,0
2018-05-14,0,0
2018-05-15,0,0
2018-05-16,0,0
2018-05-17,0,0
2018-05-18,0,0
2018-05-19,0,0
2018-05-20,0,0
2018-05-21,0,0
2018-05-22,0,0
2018-05-23,0,0
2018-05-24,0,0
2018-05-25,0,0
2018-05-26,0,0
2018-05-27,0,0
2018-05-28,0,0
2018-05-29,0,0
2018-05-30,0,0
2018-05-31,0,0
2018-06-01,0,0
2018-06-02,0,0
2018-06-03,0,0
2018-06-04,0,0
2018-06-05,0,0
2018-06-06,0,0
2018-06-07,0,0
2018-06-08,0,0
2018-06-09,0,0
2018-06-10,0,0
2018-06-11,0,0
2018-06-12,0,0
2018-06-13,0,0
2018-06-14,0,0
2018-06-15,0,0
2018-06-16,0,0
2018-06-17,0,0
2018-06-18,0,0
2018-06-19,0,0
2018-06-20,0,0
2018-06-21,0,0
2018-06-22,0,0
2018-06-23,0,0
2018-06-24,0,0
2018-06-25,0,0
2018-06-26,0,0
2018-06-27,0,0
2018-06-28,0,0
2018-06-29,0,0
2018-06-30,0,0
2018-07-01,0,0
2018-07-02,0,0
2018-07-03,0,0
2018-07-04,0,0
2018-07-05,0,0
2018-07-06,0,0
2018-07-07,0,0
2018-07-08,0,0
2018-07-09,0,0
2018-07-10,0,0
2018-07-11,0,0
2018-07-12,0,0
2018-07-13,0,0
2018-07-14,0,0
2018-07-15,0,0
2018-07-16,0,0
2018-07-17,0,0
2018-07-18,0,0
2018-07-19,0,0
2018-07-20,0,0
2018-07-21,0,0
2018-07-22,0,0
2018-07-23,0,0
2018-07-24,0,0
2018-07-25,0,0
2018-07-26,0,0
2018-07-27,0,0
2018-07-28,0,0
2018-07-29,0,0
2018-07-30,0,0
2018-07-31,0,0
2018-08-01,0,0
2018-08-02,0,0
2018-08-03,0,0
2018-08-04,0,0
2018-08-05,0,0
2018-08-06,0,0
2018-08-07,0,0
2018-08-08,0,0
2018-08-09,0,0
2018-08-10,0,0
2018-08-11,0,0
2018-08-12,0,0
2018-08-13,0,0
2018-08-14,0,0
2018-08-15,0,0
2018-08-16,0,0
2018-08-17,0,0
2018-08-18,0,0
2018-08-19,0,0
2018-08-20,0,0
2018-08-21,0,0
2018-08-22,0,0
2018-08-23,0,0
2018-08-24,0,0
2018-08-25,0,0
2018-08-26,0,0
2018-08-27,0,0
2018-08-28,0,0
2018-08-29,0,0
2018-08-30,0,0
2018-08-31,0,0
2018-09-01,0,0
2018-09-02,0,0
2018-09-03,0,0
2018-09-04,0,0
2018-09-05,0,0
2018-09-06,0,0
2018-09-07,0,0
2018-09-08,0,0
2018-09-09,0,0
2018-09-10,0,0
2018-09-11,0,0
2018-09-12,0,0
2018-09-13,0,0
2018-09-14,0,0
2018-09-15,0,0
2018-09-16,0,0
2018-09-17,0,0
2018-09-18,0,0
2018-09-19,0,0
2018-09-20,0,0
2018-09-21,0,0
2018-09-22,0,0
2018-09-23,0,0
2018-09-24,0,0
2018-09-25,0,0
2018-09-26,0,0
2018-09-27,0,0
2018-09-28,44,44
2018-09-29,44,44
2018-09-30,44,44
2018-10-01,44,44
2018-10-02,44,44
2018-10-03,91,91
2018-10-04,151,152
2018-10-05,245,246
2018-10-06,245,245
2018-10-07,245,245
2018-10-08,245,245
2018-10-09,336,340
2018-10-10,365,367
2018-10-11,303,391
2018-10-12,305,338
2018-10-13,331,331
2018-10-14,340,340
2018-10-15,342,369
2018-10-16,331,360
2018-10-17,276,360
2018-10-18,250,316
2018-10-19,323,331
2018-10-20,346,346
2018-10-21,366,366
2018-10-22,369,397
2018-10-23,393,416
2018-10-24,397,439
2018-10-25,536,579
2018-10-26,759,767
2018-10-27,778,778
2018-10-28,785,785
2018-10-29,766,807
2018-10-30,766,823
2018-10-31,768,813
2018-11-01,783,831
2018-11-02,757,848
2018-11-03,781,782
2018-11-04,792,792
2018-11-05,788,844
2018-11-06,754,833
2018-11-07,766,820
2018-11-08,779,820
2018-11-09,769,849
2018-11-10,792,794
2018-11-11,796,797
2018-11-12,826,826
2018-11-13,804,866
2018-11-14,783,855
2018-11-15,774,856
2018-11-16,789,872
2018-11-17,816,818
2018-11-18,821,821
2018-11-19,847,892
2018-11-20,846,899
2018-11-21,891,934
2018-11-22,904,904
2018-11-23,922,961
2018-11-24,934,935
2018-11-25,940,940
2018-11-26,936,962
2018-11-27,931,986
2018-11-28,908,985
2018-11-29,925,958
2018-11-30,915,"1,009"
2018-12-01,933,934
2018-12-02,949,949
2018-12-03,949,992
2018-12-04,957,"1,017"
2018-12-05,999,"1,023"
2018-12-06,"1,003","1,054"
2018-12-07,"1,008","1,074"
2018-12-08,"1,041","1,041"
2018-12-09,"1,048","1,048"
2018-12-10,985,"1,090"
2018-12-11,969,"1,036"
2018-12-12,931,"1,009"
2018-12-13,935,"1,011"
2018-12-14,949,"1,008"
2018-12-15,970,970
2018-12-16,982,982
2018-12-17,981,"1,042"
2018-12-18,973,"1,022"
2018-12-19,932,"1,040"
2018-12-20,921,"1,000"
2018-12-21,887,"1,006"
2018-12-22,918,919
2018-12-23,928,928
2018-12-24,958,959
2018-12-25,975,975
2018-12-26,962,"1,007"
2018-12-27,961,"1,009"
2018-12-28,"1,001","1,050"
2018-12-29,"1,016","1,017"
2018-12-30,"1,017","1,017"
2018-12-31,958,"1,043"
2019-01-01,960,986
2019-01-02,994,"1,012"
2019-01-03,981,"1,066"
2019-01-04,986,"1,072"
2019-01-05,998,"1,000"
2019-01-06,"1,005","1,005"
2019-01-07,"1,006","1,038"
2019-01-08,931,"1,051"
2019-01-09,968,980
2019-01-10,955,"1,015"
2019-01-11,957,"1,024"
2019-01-12,978,980
2019-01-13,982,982
2019-01-14,"1,023","1,057"
2019-01-15,992,"1,059"
2019-01-16,977,"1,036"
2019-01-17,967,"1,030"
2019-01-18,996,"1,030"
2019-01-19,"1,022","1,022"
2019-01-20,"1,028","1,036"
2019-01-21,994,"1,046"
2019-01-22,"1,000","1,025"
2019-01-23,989,"1,042"
2019-01-24,968,"1,024"
2019-01-25,952,"1,020"
2019-01-26,971,972
2019-01-27,978,979
2019-01-28,972,"1,017"
2019-01-29,940,"1,012"
2019-01-30,950,973
2019-01-31,934,998
2019-02-01,946,"1,001"
2019-02-02,964,969
2019-02-03,975,975
2019-02-04,982,"1,019"
2019-02-05,"1,010","1,051"
2019-02-06,"1,004","1,075"
2019-02-07,990,"1,074"
2019-02-08,969,"1,078"
2019-02-09,955,991
2019-02-10,955,955
2019-02-11,996,"1,011"
2019-02-12,"1,003","1,041"
2019-02-13,968,"1,043"
2019-02-14,957,"1,009"
2019-02-15,966,"1,027"
2019-02-16,972,988
2019-02-17,990,990
2019-02-18,"1,001","1,015"
2019-02-19,"1,000","1,049"
2019-02-20,951,"1,029"
2019-02-21,944,994
2019-02-22,933,"1,003"
2019-02-23,975,975
2019-02-24,979,979
2019-02-25,968,"1,004"
2019-02-26,972,"1,019"
2019-02-27,996,"1,020"
2019-02-28,952,"1,035"
2019-03-01,954,"1,022"
2019-03-02,962,978
2019-03-03,973,973
2019-03-04,997,"1,013"
2019-03-05,996,"1,045"
2019-03-06,954,"1,028"
2019-03-07,976,"1,016"
2019-03-08,936,"1,043"
2019-03-09,967,967
2019-03-10,976,976
2019-03-11,985,"1,014"
2019-03-12,973,"1,029"
2019-03-13,979,"1,032"
2019-03-14,969,998
2019-03-15,954,"1,029"
2019-03-16,971,971
2019-03-17,985,986
2019-03-18,946,"1,008"
2019-03-19,915,977
2019-03-20,951,982
2019-03-21,965,"1,047"
2019-03-22,980,"1,040"
2019-03-23,"1,013","1,022"
2019-03-24,"1,031","1,032"
2019-03-25,"1,040","1,079"
2019-03-26,"1,031","1,108"
2019-03-27,972,"1,076"
2019-03-28,946,"1,041"
2019-03-29,920,998
2019-03-30,953,955
2019-03-31,977,978
2019-04-01,965,"1,038"
2019-04-02,992,"1,010"
2019-04-03,"1,014","1,064"
2019-04-04,989,"1,067"
2019-04-05,991,"1,068"
2019-04-06,"1,024","1,026"
2019-04-07,"1,048","1,048"
2019-04-08,"1,021","1,098"
2019-04-09,991,"1,080"
2019-04-10,970,"1,030"
2019-04-11,943,"1,021"
2019-04-12,883,"1,007"
2019-04-13,908,910
2019-04-14,909,909
2019-04-15,915,946
2019-04-16,886,946
2019-04-17,879,924
2019-04-18,898,931
2019-04-19,928,968
2019-04-20,941,941
2019-04-21,950,950
2019-04-22,941,"1,008"
2019-04-23,952,991
2019-04-24,923,997
2019-04-25,850,976
2019-04-26,874,919
2019-04-27,897,897
2019-04-28,903,904
2019-04-29,916,957
2019-04-30,902,970
2019-05-01,930,970
2019-05-02,883,970
2019-05-03,894,975
2019-05-04,925,925
2019-05-05,938,939
2019-05-06,937,975
2019-05-07,908,986
2019-05-08,909,956
2019-05-09,878,946
2019-05-10,912,952
2019-05-11,929,929
2019-05-12,941,942
2019-05-13,931,972
2019-05-14,918,983
2019-05-15,916,955
2019-05-16,901,979
2019-05-17,860,972
2019-05-18,878,883
2019-05-19,890,890
2019-05-20,874,941
2019-05-21,888,929
2019-05-22,866,937
2019-05-23,834,909
2019-05-24,863,910
2019-05-25,866,886
2019-05-26,973,973
2019-05-27,992,992
2019-05-28,971,"1,053"
2019-05-29,954,"1,037"
2019-05-30,918,995
2019-05-31,924,974
2019-06-01,928,941
2019-06-02,937,937
2019-06-03,"1,024","1,048"
2019-06-04,"1,003","1,073"
2019-06-05,"1,031","1,067"
2019-06-06,993,"1,096"
2019-06-07,"1,005","1,056"
2019-06-08,992,"1,022"
2019-06-09,998,999
2019-06-10,"1,024","1,035"
2019-06-11,974,"1,053"
2019-06-12,983,"1,008"
2019-06-13,987,"1,022"
2019-06-14,"1,018","1,051"
2019-06-15,"1,031","1,043"
2019-06-16,"1,042","1,042"
2019-06-17,"1,060","1,070"
2019-06-18,989,"1,098"
2019-06-19,"1,019","1,036"
2019-06-20,"1,026","1,065"
2019-06-21,"1,043","1,095"
2019-06-22,"1,024","1,065"
2019-06-23,"1,040","1,041"
2019-06-24,"1,043","1,070"
2019-06-25,"1,035","1,089"
2019-06-26,"1,039","1,076"
2019-06-27,"1,016","1,096"
2019-06-28,"1,002","1,061"
2019-06-29,"1,011","1,032"
2019-06-30,"1,020","1,020"
2019-07-01,"1,043","1,048"
2019-07-02,"1,050","1,069"
2019-07-03,"1,071","1,101"
2019-07-04,"1,077","1,103"
2019-07-05,"1,081","1,146"
2019-07-06,"1,085","1,116"
2019-07-07,"1,091","1,091"
2019-07-08,"1,045","1,120"
2019-07-09,"1,034","1,080"
2019-07-10,"1,033","1,076"
2019-07-11,"1,040","1,080"
2019-07-12,"1,033","1,096"
2019-07-13,"1,019","1,055"
2019-07-14,"1,031","1,031"
2019-07-15,"1,015","1,064"
2019-07-16,"1,003","1,043"
2019-07-17,"1,035","1,057"
2019-07-18,"1,036","1,070"
2019-07-19,"1,017","1,107"
2019-07-20,"1,021","1,052"
2019-07-21,"1,033","1,033"
2019-07-22,"1,014","1,057"
2019-07-23,"1,019","1,057"
2019-07-24,"1,025","1,057"
2019-07-25,"1,020","1,061"
2019-07-26,998,"1,090"
2019-07-27,991,"1,019"
2019-07-28,"1,001","1,002"
2019-07-29,"1,027","1,035"
2019-07-30,"1,021","1,063"
2019-07-31,964,"1,047"
2019-08-01,966,"1,001"
2019-08-02,981,"1,031"
2019-08-03,968,998
2019-08-04,991,991
2019-08-05,"1,002","1,032"
2019-08-06,986,"1,049"
2019-08-07,994,"1,053"
2019-08-08,"1,010","1,060"
2019-08-09,"1,017","1,084"
2019-08-10,"1,023","1,045"
2019-08-11,"1,032","1,033"
2019-08-12,"1,056","1,065"
2019-08-13,"1,058","1,099"
2019-08-14,"1,085","1,117"
2019-08-15,"1,085","1,141"
2019-08-16,"1,099","1,145"
2019-08-17,"1,093","1,124"
2019-08-18,"1,109","1,109"
2019-08-19,"1,079","1,140"
2019-08-20,"1,097","1,127"
2019-08-21,"1,105","1,147"
2019-08-22,"1,101","1,138"
2019-08-23,"1,087","1,157"
2019-08-24,"1,113","1,116"
2019-08-25,"1,131","1,131"
2019-08-26,"1,129","1,172"
2019-08-27,"1,128","1,163"
2019-08-28,"1,077","1,156"
2019-08-29,"1,079","1,112"
2019-08-30,"1,114","1,157"
2019-08-31,"1,123","1,151"
2019-09-01,"1,132","1,132"
2019-09-02,"1,144","1,145"
2019-09-03,"1,141","1,209"
2019-09-04,"1,115","1,196"
2019-09-05,"1,130","1,178"
2019-09-06,"1,113","1,206"
2019-09-07,"1,118","1,147"
2019-09-08,"1,131","1,131"
2019-09-09,"1,130","1,159"
2019-09-10,"1,083","1,174"
2019-09-11,"1,062","1,118"
2019-09-12,"1,055","1,099"
2019-09-13,"1,078","1,123"
2019-09-14,"1,084","1,109"
2019-09-15,"1,092","1,092"
2019-09-16,"1,075","1,116"
2019-09-17,"1,065","1,140"
2019-09-18,"1,071","1,107"
2019-09-19,"1,070","1,102"
2019-09-20,"1,078","1,078"
2019-09-21,"1,114","1,115"
2019-09-22,"1,115","1,115"
2019-09-23,"1,111","1,171"
2019-09-24,"1,110","1,177"
2019-09-25,"1,074","1,142"
2019-09-26,"1,130","1,166"
2019-09-27,"1,114","1,194"
2019-09-28,"1,125","1,148"
2019-09-29,"1,130","1,130"
2019-09-30,"1,124","1,158"
2019-10-01,"1,137","1,189"
2019-10-02,"1,078","1,187"
2019-10-03,"1,091","1,167"
2019-10-04,"1,072","1,150"
2019-10-05,"1,110","1,110"
2019-10-06,"1,127","1,127"
2019-10-07,"1,105","1,158"
2019-10-08,"1,056","1,148"
2019-10-09,"1,048","1,117"
2019-10-10,"1,011","1,081"
2019-10-11,"1,014","1,065"
2019-10-12,"1,017","1,039"
2019-10-13,"1,036","1,036"
2019-10-14,"1,052","1,057"
2019-10-15,"1,001","1,086"
2019-10-16,980,"1,057"
2019-10-17,995,"1,027"
2019-10-18,949,"1,069"
2019-10-19,973,973
2019-10-20,986,986
2019-10-21,972,"1,018"
2019-10-22,960,"1,009"
2019-10-23,966,"1,030"
2019-10-24,950,"1,001"
2019-10-25,979,"1,022"
2019-10-26,978,"1,007"
2019-10-27,990,991
2019-10-28,"1,019","1,023"
2019-10-29,984,"1,070"
2019-10-30,929,"1,015"
2019-10-31,906,967
2019-11-01,907,974
2019-11-02,888,917
2019-11-03,914,914
2019-11-04,944,953
2019-11-05,925,"1,006"
2019-11-06,904,957
2019-11-07,868,936
2019-11-08,918,972
2019-11-09,910,937
2019-11-10,913,916
2019-11-11,916,928
2019-11-12,863,942
2019-11-13,853,920
2019-11-14,846,891
2019-11-15,834,908
2019-11-16,865,865
2019-11-17,880,880
2019-11-18,855,906
2019-11-19,816,883
2019-11-20,806,854
2019-11-21,773,843
2019-11-22,770,824
2019-11-23,808,812
2019-11-24,812,815
2019-11-25,800,842
2019-11-26,775,830
2019-11-27,736,825
2019-11-28,758,759
2019-11-29,781,797
2019-11-30,795,796
2019-12-01,799,800
2019-12-02,796,834
2019-12-03,782,852
2019-12-04,748,823
2019-12-05,749,791
2019-12-06,720,802
2019-12-07,747,747
2019-12-08,802,802
2019-12-09,777,826
2019-12-10,713,814
2019-12-11,732,751
2019-12-12,741,783
2019-12-13,759,820
2019-12-14,777,777
2019-12-15,796,796
2019-12-16,803,838
2019-12-17,767,839
2019-12-18,769,819
2019-12-19,762,816
2019-12-20,740,816
2019-12-21,769,769
2019-12-22,778,778
2019-12-23,799,816
2019-12-24,804,808
2019-12-25,823,825
2019-12-26,786,847
2019-12-27,781,826
2019-12-28,801,802
2019-12-29,806,806
2019-12-30,853,867
2019-12-31,830,895
2020-01-01,854,855
2020-01-02,845,897
2020-01-03,891,937
2020-01-04,906,908
2020-01-05,914,914
2020-01-06,903,956
2020-01-07,865,939
2020-01-08,810,911
2020-01-09,787,858
2020-01-10,790,843
2020-01-11,814,815
2020-01-12,829,829
2020-01-13,793,865
2020-01-14,764,838
2020-01-15,751,792
2020-01-16,738,802
2020-01-17,759,824
2020-01-18,791,793
2020-01-19,809,809
2020-01-20,836,838
2020-01-21,809,863
2020-01-22,768,848
2020-01-23,764,823
2020-01-24,748,832
2020-01-25,767,774
2020-01-26,775,779
2020-01-27,792,808
2020-01-28,760,833
2020-01-29,767,811
2020-01-30,795,838
2020-01-31,802,873
2020-02-01,819,820
2020-02-02,838,838
2020-02-03,811,857
2020-02-04,804,845
2020-02-05,784,861
2020-02-06,796,846
2020-02-07,798,871
2020-02-08,819,820
2020-02-09,836,837
2020-02-10,859,879
2020-02-11,838,905
2020-02-12,843,888
2020-02-13,829,874
2020-02-14,838,898
2020-02-15,841,856
2020-02-16,856,858
2020-02-17,869,872
2020-02-18,875,909
2020-02-19,806,900
2020-02-20,761,853
2020-02-21,750,838
2020-02-22,781,785
2020-02-23,788,794
2020-02-24,766,823
2020-02-25,758,808
2020-02-26,753,808
2020-02-27,740,796
2020-02-28,757,810
2020-02-29,752,777
2020-03-01,759,760
2020-03-02,765,797
2020-03-03,738,799
2020-03-04,767,802
2020-03-05,752,800
2020-03-06,740,853
2020-03-07,765,767
2020-03-08,776,777
2020-03-09,803,819
2020-03-10,774,848
2020-03-11,736,800
2020-03-12,725,763
2020-03-13,731,782
2020-03-14,751,752
2020-03-15,767,767
2020-03-16,783,814
2020-03-17,738,821
2020-03-18,758,796
2020-03-19,771,828
2020-03-20,812,848
2020-03-21,836,836
2020-03-22,846,847
2020-03-23,810,876
2020-03-24,810,862
2020-03-25,796,852
2020-03-26,803,879
2020-03-27,785,805
2020-03-28,788,790
2020-03-29,788,788
2020-03-30,767,788
2020-03-31,716,768
2020-04-01,694,716
2020-04-02,687,694
2020-04-03,670,699
2020-04-04,670,670
2020-04-05,670,670
2020-04-06,666,674
2020-04-07,632,667
2020-04-08,623,632
2020-04-09,614,623
2020-04-10,606,614
2020-04-11,610,612
2020-04-12,612,612
2020-04-13,614,635
2020-04-14,601,639
2020-04-15,616,639
2020-04-16,598,634
2020-04-17,606,637
2020-04-18,611,611
2020-04-19,612,612
2020-04-20,585,619
2020-04-21,584,601
2020-04-22,601,612
2020-04-23,586,620
2020-04-24,583,610
2020-04-25,581,587
2020-04-26,581,581
2020-04-27,578,598
2020-04-28,576,596
2020-04-29,569,597
2020-04-30,562,582
2020-05-01,574,602
2020-05-02,577,577
2020-05-03,577,577
2020-05-04,571,592
2020-05-05,551,586
2020-05-06,509,560
2020-05-07,514,535
2020-05-08,485,556
2020-05-09,486,486
2020-05-10,486,486
2020-05-11,491,493
2020-05-12,487,507
2020-05-13,478,500
2020-05-14,481,496
2020-05-15,492,505
2020-05-16,498,498
2020-05-17,498,498
2020-05-18,472,505
2020-05-19,481,488
2020-05-20,492,502
2020-05-21,497,517
2020-05-22,487,515
2020-05-23,489,489
2020-05-24,491,491
2020-05-25,467,492
2020-05-26,460,478
2020-05-27,464,482
2020-05-28,467,481
2020-05-29,491,499
2020-05-30,496,496
2020-05-31,496,496
2020-06-01,487,522
2020-06-02,474,499
2020-06-03,470,488
2020-06-04,476,485
2020-06-05,481,498
2020-06-06,488,488
2020-06-07,487,488
2020-06-08,485,497
2020-06-09,494,511
2020-06-10,498,503
2020-06-11,477,498
2020-06-12,457,477
2020-06-13,456,457
2020-06-14,456,456
2020-06-15,433,456
2020-06-16,427,433
2020-06-17,420,427
2020-06-18,410,420
2020-06-19,401,410
2020-06-20,401,401
2020-06-21,399,401
2020-06-22,391,401
2020-06-23,384,393
2020-06-24,372,384
2020-06-25,365,372
2020-06-26,347,365
2020-06-27,347,347
2020-06-28,347,347
2020-06-29,345,347
2020-06-30,340,345
2020-07-01,337,340
2020-07-02,337,339
2020-07-03,326,337
2020-07-04,326,326
2020-07-05,326,326
2020-07-06,324,326
2020-07-07,314,324
2020-07-08,308,314
2020-07-09,299,309
2020-07-10,295,299
2020-07-11,295,295
2020-07-12,295,295
2020-07-13,293,295
2020-07-14,286,293
2020-07-15,284,286
2020-07-16,282,284
2020-07-17,276,282
2020-07-18,276,276
2020-07-19,276,276
2020-07-20,262,276
2020-07-21,261,262
2020-07-22,259,261
2020-07-23,256,259
2020-07-24,251,256
2020-07-25,251,251
2020-07-26,250,251
2020-07-27,250,250
2020-07-28,248,250
2020-07-29,245,248
2020-07-30,225,245
2020-07-31,221,225
2020-08-01,221,222
2020-08-02,221,221
2020-08-03,221,221
2020-08-04,220,222
2020-08-05,220,220
2020-08-06,220,221
2020-08-07,218,221
2020-08-08,244,244
2020-08-09,246,246
2020-08-10,245,246
2020-08-11,246,249
2020-08-12,241,247
2020-08-13,239,241
2020-08-14,235,240
2020-08-15,235,235
2020-08-16,237,237
2020-08-17,236,237
2020-08-18,236,237
2020-08-19,235,236
2020-08-20,234,236
2020-08-21,228,234
2020-08-22,229,229
2020-08-23,229,229
2020-08-24,224,231
2020-08-25,225,226
2020-08-26,206,226
2020-08-27,206,206
2020-08-28,204,207
2020-08-29,204,206
2020-08-30,204,204
2020-08-31,205,205
2020-09-01,206,206
2020-09-02,202,206
2020-09-03,165,202
2020-09-04,157,165
2020-09-05,157,157
2020-09-06,157,157
2020-09-07,157,157
2020-09-08,156,157
2020-09-09,155,156
2020-09-10,170,174
2020-09-11,187,194
2020-09-12,213,213
2020-09-13,220,220
2020-09-14,237,247
2020-09-15,254,267
2020-09-16,278,287
2020-09-17,286,295
2020-09-18,293,307
2020-09-19,310,312
2020-09-20,315,315
2020-09-21,318,330
2020-09-22,323,341
2020-09-23,331,340
2020-09-24,345,350
2020-09-25,359,370
2020-09-26,379,382
2020-09-27,381,381
2020-09-28,372,394
2020-09-29,370,392
2020-09-30,385,396
2020-10-01,405,414
2020-10-02,422,430
2020-10-03,432,434
2020-10-04,439,439
2020-10-05,452,460
2020-10-06,437,474
2020-10-07,443,462
2020-10-08,447,463
2020-10-09,444,475
2020-10-10,461,461
2020-10-11,474,474
2020-10-12,478,489
2020-10-13,488,505
2020-10-14,504,512
2020-10-15,494,528
2020-10-16,497,522
2020-10-17,505,505
2020-10-18,515,515
2020-10-19,510,537
2020-10-20,508,528
2020-10-21,511,541
2020-10-22,511,535
2020-10-23,476,536
2020-10-24,492,492
2020-10-25,500,502
2020-10-26,491,511
2020-10-27,491,522
2020-10-28,494,508
2020-10-29,487,511
2020-10-30,488,519
2020-10-31,522,522
2020-11-01,531,531
2020-11-02,526,556
2020-11-03,532,552
2020-11-04,537,564
2020-11-05,535,565
2020-11-06,533,560
2020-11-07,547,548
2020-11-08,549,549
2020-11-09,531,549
2020-11-10,489,532
2020-11-11,488,489
2020-11-12,459,489
2020-11-13,451,459
2020-11-14,450,451
2020-11-15,450,450
2020-11-16,441,450
2020-11-17,425,442
2020-11-18,409,425
2020-11-19,397,409
2020-11-20,385,398
2020-11-21,385,385
2020-11-22,385,385
2020-11-23,368,385
2020-11-24,347,368
2020-11-25,332,347
2020-11-26,332,332
2020-11-27,322,332
2020-11-28,321,324
2020-11-29,321,321
2020-11-30,316,331
2020-12-01,322,337
2020-12-02,325,347
2020-12-03,319,347
2020-12-04,342,372
2020-12-05,365,366
2020-12-06,374,374
2020-12-07,368,397
2020-12-08,360,395
2020-12-09,370,391
2020-12-10,380,402
2020-12-11,373,402
2020-12-12,395,398
2020-12-13,397,397
2020-12-14,390,412
2020-12-15,380,414
2020-12-16,371,399
2020-12-17,361,388
2020-12-18,347,388
2020-12-19,366,367
2020-12-20,375,375
2020-12-21,350,386
2020-12-22,323,368
2020-12-23,313,341
2020-12-24,311,321
2020-12-25,326,326
2020-12-26,331,331
2020-12-27,332,332
2020-12-28,333,345
2020-12-29,325,352
2020-12-30,306,348
2020-12-31,300,328
2021-01-01,315,315
2021-01-02,324,324
2021-01-03,333,333
2021-01-04,341,351
2021-01-05,339,353
2021-01-06,337,365
2021-01-07,314,338
2021-01-08,284,314
2021-01-09,282,284
2021-01-10,282,282
2021-01-11,260,282
2021-01-12,239,263
2021-01-13,231,239
2021-01-14,214,231
2021-01-15,200,214
2021-01-16,200,200
2021-01-17,200,200
2021-01-18,200,200
2021-01-19,195,200
2021-01-20,190,195
2021-01-21,183,190
2021-01-22,189,204
2021-01-23,208,209
2021-01-24,214,214
2021-01-25,213,233
2021-01-26,224,236
2021-01-27,236,242
2021-01-28,219,253
2021-01-29,208,253
2021-01-30,216,216
2021-01-31,218,218
2021-02-01,224,236
2021-02-02,226,239
2021-02-03,247,263
2021-02-04,256,274
2021-02-05,237,273
2021-02-06,259,265
2021-02-07,263,263
2021-02-08,257,268
2021-02-09,266,269
2021-02-10,259,276
2021-02-11,263,270
2021-02-12,267,281
2021-02-13,251,268
2021-02-14,251,251
2021-02-15,251,251
2021-02-16,251,251
2021-02-17,251,251
2021-02-18,250,253
2021-02-19,251,255
2021-02-20,253,253
2021-02-21,254,254
2021-02-22,260,265
2021-02-23,242,274
2021-02-24,232,254
2021-02-25,226,249
2021-02-26,221,243
2021-02-27,226,227
2021-02-28,225,226
2021-03-01,211,229
2021-03-02,217,227
2021-03-03,200,229
2021-03-04,213,221
2021-03-05,194,229
2021-03-06,199,201
2021-03-07,198,199
2021-03-08,199,204
2021-03-09,197,208
2021-03-10,171,203
2021-03-11,165,181
2021-03-12,154,175
2021-03-13,164,164
2021-03-14,165,167
2021-03-15,159,172
2021-03-16,157,163
2021-03-17,165,170
2021-03-18,149,175
2021-03-19,144,159
2021-03-20,146,146
2021-03-21,149,149
2021-03-22,150,159
2021-03-23,147,162
2021-03-24,150,166
2021-03-25,154,163
2021-03-26,151,174
2021-03-27,160,160
2021-03-28,160,160
2021-03-29,151,166
2021-03-30,163,168
2021-03-31,162,170
2021-04-01,166,171
2021-04-02,167,186
2021-04-03,174,175
2021-04-04,174,174
2021-04-05,307,347
2021-04-06,311,317
2021-04-07,303,337
2021-04-08,313,324
2021-04-09,309,331
2021-04-10,330,330
2021-04-11,332,333
2021-04-12,329,344
2021-04-13,325,342
2021-04-14,322,339
2021-04-15,312,328
2021-04-16,308,332
2021-04-17,318,318
2021-04-18,319,319
2021-04-19,316,324
2021-04-20,311,324
2021-04-21,295,320
2021-04-22,287,303
2021-04-23,286,304
2021-04-24,299,299
2021-04-25,302,302
2021-04-26,293,314
2021-04-27,290,304
2021-04-28,277,302
2021-04-29,283,297
2021-04-30,299,304
2021-05-01,354,355
2021-05-02,395,395
2021-05-03,384,404
2021-05-04,385,401
2021-05-05,379,400
2021-05-06,367,401
2021-05-07,371,386
2021-05-08,373,374
2021-05-09,373,373
2021-05-10,377,385
2021-05-11,374,386
2021-05-12,363,396
2021-05-13,473,499
2021-05-14,514,563
2021-05-15,523,523
2021-05-16,523,524
2021-05-17,515,524
2021-05-18,508,519
2021-05-19,498,519
2021-05-20,487,505
2021-05-21,458,507
2021-05-22,463,464
2021-05-23,465,465
2021-05-24,446,472
2021-05-25,426,457
2021-05-26,481,522
2021-05-27,477,497
2021-05-28,456,489
2021-05-29,465,466
2021-05-30,468,468
2021-05-31,470,470
2021-06-01,473,484
2021-06-02,461,485
2021-06-03,471,485
2021-06-04,463,493
2021-06-05,471,471
2021-06-06,475,475
2021-06-07,497,517
2021-06-08,478,506
2021-06-09,472,497
2021-06-10,481,487
2021-06-11,459,498
2021-06-12,467,467
2021-06-13,468,468
2021-06-14,453,476
2021-06-15,441,467
2021-06-16,443,463
2021-06-17,432,458
2021-06-18,421,443
2021-06-19,426,426
2021-06-20,428,428
2021-06-21,411,431
2021-06-22,405,427
2021-06-23,383,416
2021-06-24,389,405
2021-06-25,396,421
2021-06-26,404,404
2021-06-27,404,404
2021-06-28,420,437
2021-06-29,423,438
2021-06-30,421,440
2021-07-01,383,430
2021-07-02,367,401
2021-07-03,377,377
2021-07-04,379,379
2021-07-05,375,382
2021-07-06,362,381
2021-07-07,338,375
2021-07-08,332,358
2021-07-09,389,408
2021-07-10,400,400
2021-07-11,403,403
2021-07-12,395,409
2021-07-13,397,407
2021-07-14,376,407
2021-07-15,373,386
2021-07-16,348,388
2021-07-17,351,353
2021-07-18,440,440
2021-07-19,494,509
2021-07-20,480,500
2021-07-21,646,667
2021-07-22,626,667
2021-07-23,595,641
2021-07-24,610,611
2021-07-25,614,614
2021-07-26,615,625
2021-07-27,603,628
2021-07-28,552,611
2021-07-29,650,665
2021-07-30,618,677
2021-07-31,619,619
2021-08-01,619,619
2021-08-02,721,737
2021-08-03,700,736
2021-08-04,669,741
2021-08-05,684,693
2021-08-06,652,717
2021-08-07,637,671
2021-08-08,586,638
2021-08-09,553,600
2021-08-10,550,569
2021-08-11,581,612
2021-08-12,580,596
2021-08-13,565,640
2021-08-14,573,573
2021-08-15,575,575
2021-08-16,568,585
2021-08-17,621,631
2021-08-18,577,626
2021-08-19,573,588
2021-08-20,507,586
2021-08-21,507,507
2021-08-22,508,508
2021-08-23,495,515
2021-08-24,503,509
2021-08-25,496,521
2021-08-26,498,520
2021-08-27,484,520
2021-08-28,489,489
2021-08-29,487,489
2021-08-30,476,495
2021-08-31,473,485
2021-09-01,457,481
2021-09-02,466,474
2021-09-03,458,488
2021-09-04,456,463
2021-09-05,457,457
2021-09-06,459,459
2021-09-07,451,466
2021-09-08,437,456
2021-09-09,436,458
2021-09-10,425,459
2021-09-11,429,431
2021-09-12,431,431
2021-09-13,422,437
2021-09-14,422,422
2021-09-15,430,436
2021-09-16,412,435
2021-09-17,383,427
2021-09-18,385,386
2021-09-19,425,426
2021-09-20,413,431
2021-09-21,414,426
2021-09-22,403,419
2021-09-23,396,414
2021-09-24,363,410
2021-09-25,368,368
2021-09-26,369,369
2021-09-27,371,380
2021-09-28,367,375
2021-09-29,371,377
2021-09-30,345,384
2021-10-01,324,364
2021-10-02,326,326
2021-10-03,327,327
2021-10-04,334,342
2021-10-05,333,353
2021-10-06,334,344
2021-10-07,327,340
2021-10-08,368,403
2021-10-09,373,373
2021-10-10,373,373
2021-10-11,377,379
2021-10-12,372,387
2021-10-13,369,381
2021-10-14,316,374
2021-10-15,274,332
2021-10-16,276,276
2021-10-17,278,278
2021-10-18,265,285
2021-10-19,262,270
2021-10-20,261,271
2021-10-21,355,364
2021-10-22,384,429
2021-10-23,386,386
2021-10-24,385,386
2021-10-25,381,393
2021-10-26,386,390
2021-10-27,382,394
2021-10-28,368,393
2021-10-29,383,386
2021-10-30,372,389
2021-10-31,437,437
2021-11-01,426,443
2021-11-02,343,441
2021-11-03,337,352
2021-11-04,337,345
2021-11-05,323,354
2021-11-06,324,325
2021-11-07,324,325
2021-11-08,309,334
2021-11-09,314,324
2021-11-10,321,328
2021-11-11,295,323
2021-11-12,265,313
2021-11-13,269,269
2021-11-14,269,270
2021-11-15,258,276
2021-11-16,303,324
2021-11-17,295,314
2021-11-18,291,317
2021-11-19,297,311
2021-11-20,301,301
2021-11-21,300,303
2021-11-22,237,307
2021-11-23,224,247
2021-11-24,232,241
2021-11-25,236,236
2021-11-26,246,251
2021-11-27,248,248
2021-11-28,254,254
2021-11-29,257,264
2021-11-30,252,265
2021-12-01,235,261
2021-12-02,234,248
2021-12-03,304,325
2021-12-04,309,309
2021-12-05,319,319
2021-12-06,357,377
2021-12-07,357,369
2021-12-08,452,467
2021-12-09,460,465
2021-12-10,452,481
2021-12-11,456,456
2021-12-12,456,456
2021-12-13,410,468
2021-12-14,393,421
2021-12-15,344,400
2021-12-16,345,361
2021-12-17,285,378
2021-12-18,290,290
2021-12-19,292,292
2021-12-20,276,305
2021-12-21,253,284
2021-12-22,230,258
2021-12-23,238,245
2021-12-24,238,239
2021-12-25,238,238
2021-12-26,239,239
2021-12-27,243,249
2021-12-28,249,254
2021-12-29,247,257
2021-12-30,258,270
2021-12-31,264,264
2022-01-01,267,267
2022-01-02,268,268
2022-01-03,266,280
2022-01-04,264,277
2022-01-05,341,350
2022-01-06,349,353
2022-01-07,300,363
2022-01-08,361,361
2022-01-09,362,363
2022-01-10,424,445
2022-01-11,425,438
2022-01-12,373,436
2022-01-13,373,384
2022-01-14,371,405
2022-01-15,374,377
2022-01-16,376,376
2022-01-17,376,376
2022-01-18,368,387
2022-01-19,346,372
2022-01-20,486,492
2022-01-21,440,507
2022-01-22,444,444
2022-01-23,445,445
2022-01-24,516,527
2022-01-25,510,524
2022-01-26,506,525
2022-01-27,503,515
2022-01-28,564,599
2022-01-29,573,573
2022-01-30,573,573
2022-01-31,665,680
2022-02-01,670,680
2022-02-02,646,679
2022-02-03,649,655
2022-02-04,654,655
2022-02-05,670,670
2022-02-06,671,671
2022-02-07,728,737
2022-02-08,708,750
2022-02-09,683,721
2022-02-10,722,753
2022-02-11,714,745
2022-02-12,722,722
2022-02-13,727,727
2022-02-14,729,740
2022-02-15,714,742
2022-02-16,703,726
2022-02-17,693,714
2022-02-18,666,718
2022-02-19,667,669
2022-02-20,667,667
2022-02-21,673,675
2022-02-22,668,687
2022-02-23,696,728
2022-02-24,732,757
2022-02-25,718,759
2022-02-26,723,724
2022-02-27,723,723
2022-02-28,696,741
2022-03-01,682,710
2022-03-02,722,757
2022-03-03,720,754
2022-03-04,709,756
2022-03-05,712,712
2022-03-06,715,715
2022-03-07,715,730
2022-03-08,816,829
2022-03-09,809,845
2022-03-10,887,913
2022-03-11,886,906
2022-03-12,899,899
2022-03-13,900,900
2022-03-14,902,912
2022-03-15,900,918
2022-03-16,889,905
2022-03-17,882,912
2022-03-18,861,906
2022-03-19,866,866
2022-03-20,867,867
2022-03-21,865,876
2022-03-22,847,882
2022-03-23,819,863
2022-03-24,763,829
2022-03-25,797,843
2022-03-26,806,806
2022-03-27,815,815
2022-03-28,810,834
2022-03-29,799,830
2022-03-30,792,824
2022-03-31,865,921
2022-04-01,844,898
2022-04-02,846,847
2022-04-03,846,846
2022-04-04,919,959
2022-04-05,895,938
2022-04-06,881,910
2022-04-07,884,929
2022-04-08,841,907
2022-04-09,851,851
2022-04-10,854,854
2022-04-11,846,870
2022-04-12,811,860
2022-04-13,808,841
2022-04-14,846,861
2022-04-15,820,863
2022-04-16,823,823
2022-04-17,827,827
2022-04-18,788,832
2022-04-19,760,803
2022-04-20,747,771
2022-04-21,724,753
2022-04-22,695,747
2022-04-23,711,713
2022-04-24,712,712
2022-04-25,691,725
2022-04-26,673,707
2022-04-27,669,690
2022-04-28,659,682
2022-04-29,795,817
2022-04-30,802,802
2022-05-01,808,808
2022-05-02,807,825
2022-05-03,813,831
2022-05-04,801,828
2022-05-05,794,816
2022-05-06,782,808
2022-05-07,787,787
2022-05-08,788,788
2022-05-09,792,810
2022-05-10,787,812
2022-05-11,773,803
2022-05-12,852,868
2022-05-13,824,876
2022-05-14,830,830
2022-05-15,830,830
2022-05-16,785,845
2022-05-17,816,838
2022-05-18,814,837
2022-05-19,813,835
2022-05-20,804,833
2022-05-21,815,816
2022-05-22,817,817
2022-05-23,817,834
2022-05-24,801,831
2022-05-25,754,815
2022-05-26,772,785
2022-05-27,766,792
2022-05-28,775,775
2022-05-29,777,777
2022-05-30,782,782
2022-05-31,773,795
2022-06-01,762,797
2022-06-02,740,781
2022-06-03,740,764
2022-06-04,745,746
2022-06-05,747,748
2022-06-06,738,768
2022-06-07,737,755
2022-06-08,753,770
2022-06-09,754,777
2022-06-10,732,786
2022-06-11,742,743
2022-06-12,748,748
2022-06-13,749,760
2022-06-14,774,804
2022-06-15,773,801
2022-06-16,755,794
2022-06-17,771,784
2022-06-18,774,775
2022-06-19,775,777
2022-06-20,778,778
2022-06-21,778,797
2022-06-22,772,798
2022-06-23,869,892
2022-06-24,873,906
2022-06-25,876,876
2022-06-26,899,899
2022-06-27,894,917
2022-06-28,879,909
2022-06-29,883,897
2022-06-30,863,904
2022-07-01,861,903
2022-07-02,869,869
2022-07-03,871,872
2022-07-04,875,876
2022-07-05,874,891
2022-07-06,872,900
2022-07-07,873,894
2022-07-08,857,894
2022-07-09,864,865
2022-07-10,876,877
2022-07-11,884,899
2022-07-12,886,901
2022-07-13,837,912
2022-07-14,856,882
2022-07-15,853,891
2022-07-16,860,860
2022-07-17,946,947
2022-07-18,942,964
2022-07-19,953,964
2022-07-20,943,972
2022-07-21,945,964
2022-07-22,898,974
2022-07-23,914,914
2022-07-24,920,921
2022-07-25,928,948
2022-07-26,924,949
2022-07-27,915,946
2022-07-28,894,939
2022-07-29,867,918
2022-07-30,881,881
2022-07-31,881,881
2022-08-01,870,902
2022-08-02,862,900
2022-08-03,858,889
2022-08-04,853,882
2022-08-05,867,894
2022-08-06,876,877
2022-08-07,887,887
2022-08-08,882,909
2022-08-09,872,899
2022-08-10,859,887
2022-08-11,851,879
2022-08-12,860,889
2022-08-13,866,868
2022-08-14,867,867
2022-08-15,872,901
2022-08-16,858,885
2022-08-17,861,890
2022-08-18,866,890
2022-08-19,845,903
2022-08-20,862,862
2022-08-21,864,864
2022-08-22,861,888
2022-08-23,858,883
2022-08-24,846,881
2022-08-25,814,903
2022-08-26,762,845
2022-08-27,781,781
2022-08-28,785,785
2022-08-29,794,808
2022-08-30,793,826
2022-08-31,785,817
2022-09-01,766,808
2022-09-02,757,809
2022-09-03,814,814
2022-09-04,818,818
2022-09-05,821,825
2022-09-06,803,836
2022-09-07,804,829
2022-09-08,844,875
2022-09-09,849,888
2022-09-10,864,864
2022-09-11,871,871
2022-09-12,854,889
2022-09-13,865,879
2022-09-14,848,888
2022-09-15,823,865
2022-09-16,829,862
2022-09-17,846,847
2022-09-18,850,850
2022-09-19,846,870
2022-09-20,844,876
2022-09-21,831,874
2022-09-22,803,862
2022-09-23,804,849
2022-09-24,826,827
2022-09-25,831,831
2022-09-26,804,852
2022-09-27,813,838
2022-09-28,827,858
2022-09-29,854,874
2022-09-30,840,901
2022-10-01,861,862
2022-10-02,865,865
2022-10-03,866,889
2022-10-04,858,901
2022-10-05,855,890
2022-10-06,843,887
2022-10-07,847,885
2022-10-08,880,880
2022-10-09,884,885
2022-10-10,896,903
2022-10-11,879,922
2022-10-12,886,920
2022-10-13,878,909
2022-10-14,865,917
2022-10-15,888,888
2022-10-16,892,892
2022-10-17,899,924
2022-10-18,896,924
2022-10-19,901,929
2022-10-20,902,931
2022-10-21,905,939
2022-10-22,923,923
2022-10-23,929,929
2022-10-24,914,947
2022-10-25,931,956
2022-10-26,896,947
2022-10-27,900,926
2022-10-28,884,942
2022-10-29,"1,011","1,011"
2022-10-30,"1,014","1,015"
2022-10-31,857,"1,031"
2022-11-01,860,885
2022-11-02,851,886
2022-11-03,855,876
2022-11-04,864,905
2022-11-05,888,888
2022-11-06,893,893
2022-11-07,891,914
2022-11-08,900,929
2022-11-09,915,936
2022-11-10,916,948
2022-11-11,930,955
2022-11-12,954,954
2022-11-13,963,963
2022-11-14,960,994
2022-11-15,952,989
2022-11-16,917,980
2022-11-17,942,958
2022-11-18,933,978
2022-11-19,950,951
2022-11-20,956,956
2022-11-21,972,982
2022-11-22,972,"1,000"
2022-11-23,980,"1,015"
2022-11-24,995,995
2022-11-25,992,"1,022"
2022-11-26,"1,004","1,004"
2022-11-27,"1,007","1,007"
2022-11-28,926,"1,028"
2022-11-29,934,956
2022-11-30,929,969
2022-12-01,937,961
2022-12-02,942,974
2022-12-03,969,970
2022-12-04,976,976
2022-12-05,971,999
2022-12-06,980,"1,009"
2022-12-07,985,"1,022"
2022-12-08,"1,015","1,039"
2022-12-09,"1,009","1,062"
2022-12-10,"1,023","1,024"
2022-12-11,"1,032","1,032"
2022-12-12,"1,032","1,063"
2022-12-13,"1,034","1,069"
2022-12-14,"1,045","1,080"
2022-12-15,"1,048","1,071"
2022-12-16,"1,023","1,096"
2022-12-17,"1,045","1,045"
2022-12-18,"1,063","1,063"
2022-12-19,"1,058","1,084"
2022-12-20,"1,056","1,086"
2022-12-21,"1,059","1,095"
2022-12-22,"1,066","1,098"
2022-12-23,985,"1,114"
2022-12-24,997,"1,001"
2022-12-25,"1,002","1,002"
2022-12-26,"1,008","1,009"
2022-12-27,"1,091","1,110"
2022-12-28,"1,099","1,120"
2022-12-29,"1,095","1,121"
2022-12-30,"1,114","1,132"
2022-12-31,"1,127","1,129"
2023-01-01,"1,141","1,141"
2023-01-02,"1,157","1,159"
2023-01-03,"1,175","1,195"
2023-01-04,"1,165","1,207"
2023-01-05,"1,170","1,202"
2023-01-06,"1,104","1,211"
2023-01-07,"1,137","1,139"
2023-01-08,"1,143","1,150"
2023-01-09,"1,119","1,157"
2023-01-10,"1,099","1,136"
2023-01-11,"1,031","1,117"
2023-01-12,984,"1,046"
2023-01-13,943,989
2023-01-14,945,946
2023-01-15,957,958
2023-01-16,976,976
2023-01-17,"1,006","1,013"
2023-01-18,989,"1,044"
2023-01-19,983,"1,018"
2023-01-20,980,"1,027"
2023-01-21,"1,005","1,005"
2023-01-22,"1,025","1,025"
2023-01-23,"1,043","1,066"
2023-01-24,"1,051","1,083"
2023-01-25,"1,021","1,089"
2023-01-26,"1,018","1,045"
2023-01-27,"1,029","1,071"
2023-01-28,"1,060","1,060"
2023-01-29,"1,070","1,073"
2023-01-30,"1,063","1,100"
2023-01-31,"1,063","1,098"
2023-02-01,"1,049","1,106"
2023-02-02,"1,060","1,094"
2023-02-03,982,"1,096"
2023-02-04,"1,008","1,009"
2023-02-05,"1,018","1,018"
2023-02-06,"1,023","1,043"
2023-02-07,"1,038","1,061"
2023-02-08,"1,034","1,090"
2023-02-09,"1,040","1,065"
2023-02-10,"1,020","1,093"
2023-02-11,"1,045","1,045"
2023-02-12,"1,052","1,052"
2023-02-13,"1,024","1,080"
2023-02-14,"1,023","1,057"
2023-02-15,"1,055","1,073"
2023-02-16,"1,033","1,087"
2023-02-17,"1,023","1,088"
2023-02-18,"1,046","1,046"
2023-02-19,"1,061","1,061"
2023-02-20,"1,071","1,075"
2023-02-21,"1,071","1,104"
2023-02-22,"1,082","1,120"
2023-02-23,"1,093","1,115"
2023-02-24,"1,064","1,131"
2023-02-25,"1,063","1,084"
2023-02-26,"1,076","1,076"
2023-02-27,"1,093","1,116"
2023-02-28,"1,093","1,125"
2023-03-01,"1,105","1,131"
2023-03-02,"1,098","1,146"
2023-03-03,"1,073","1,145"
2023-03-04,"1,099","1,101"
2023-03-05,"1,111","1,111"
2023-03-06,"1,126","1,142"
2023-03-07,"1,105","1,154"
2023-03-08,"1,107","1,149"
2023-03-09,"1,090","1,130"
2023-03-10,"1,043","1,136"
2023-03-11,"1,068","1,070"
2023-03-12,"1,077","1,077"
2023-03-13,"1,072","1,110"
2023-03-14,"1,068","1,101"
2023-03-15,"1,027","1,099"
2023-03-16,"1,015","1,059"
2023-03-17,"1,025","1,058"
2023-03-18,"1,044","1,045"
2023-03-19,"1,053","1,055"
2023-03-20,"1,041","1,081"
2023-03-21,"1,009","1,067"
2023-03-22,989,"1,038"
2023-03-23,981,"1,014"
2023-03-24,937,"1,026"
2023-03-25,975,976
2023-03-26,982,982
2023-03-27,982,"1,012"
2023-03-28,962,"1,007"
2023-03-29,955,993
2023-03-30,968,993
2023-03-31,953,"1,030"
2023-04-01,967,969
2023-04-02,976,976
2023-04-03,967,"1,007"
2023-04-04,967,"1,006"
2023-04-05,952,"1,006"
2023-04-06,949,984
2023-04-07,954,996
2023-04-08,975,975
2023-04-09,986,987
2023-04-10,940,"1,006"
2023-04-11,928,963
2023-04-12,930,964
2023-04-13,908,958
2023-04-14,900,961
2023-04-15,917,919
2023-04-16,933,933
2023-04-17,944,967
2023-04-18,950,973
2023-04-19,951,989
2023-04-20,952,986
2023-04-21,948,"1,003"
2023-04-22,"1,004","1,005"
2023-04-23,"1,015","1,017"
2023-04-24,973,"1,046"
2023-04-25,971,"1,011"
2023-04-26,971,"1,008"
2023-04-27,986,"1,010"
2023-04-28,990,"1,042"
2023-04-29,"1,001","1,001"
2023-04-30,"1,015","1,015"
2023-05-01,"1,033","1,054"
2023-05-02,"1,017","1,055"
2023-05-03,971,"1,061"
2023-05-04,980,"1,006"
2023-05-05,"1,009","1,035"
2023-05-06,"1,023","1,024"
2023-05-07,"1,047","1,047"
2023-05-08,"1,049","1,069"
2023-05-09,"1,073","1,084"
2023-05-10,"1,016","1,109"
2023-05-11,964,"1,039"
2023-05-12,946,"1,011"
2023-05-13,974,979
2023-05-14,983,983
2023-05-15,949,"1,006"
2023-05-16,956,993
2023-05-17,966,"1,003"
2023-05-18,974,"1,000"
2023-05-19,937,"1,025"
2023-05-20,960,961
2023-05-21,975,975
2023-05-22,967,996
2023-05-23,977,"1,011"
2023-05-24,987,"1,024"
2023-05-25,963,"1,022"
2023-05-26,958,"1,012"
2023-05-27,982,982
2023-05-28,991,992
2023-05-29,"1,010","1,011"
2023-05-30,"1,008","1,040"
2023-05-31,"1,016","1,050"
2023-06-01,"1,036","1,059"
2023-06-02,996,"1,087"
2023-06-03,"1,033","1,033"
2023-06-04,"1,040","1,041"
2023-06-05,"1,035","1,069"
2023-06-06,"1,032","1,065"
2023-06-07,"1,039","1,056"
2023-06-08,"1,022","1,067"
2023-06-09,888,"1,068"
2023-06-10,917,918
2023-06-11,929,929
2023-06-12,876,946
2023-06-13,883,911
2023-06-14,891,919
2023-06-15,883,917
2023-06-16,884,935
2023-06-17,906,906
2023-06-18,918,918
2023-06-19,917,943
2023-06-20,911,935
2023-06-21,913,950
2023-06-22,932,943
2023-06-23,949,977
2023-06-24,978,978
2023-06-25,987,989
2023-06-26,"1,003","1,020"
2023-06-27,998,"1,033"
2023-06-28,962,"1,034"
2023-06-29,966,"1,000"
2023-06-30,968,"1,014"
2023-07-01,996,996
2023-07-02,"1,013","1,013"
2023-07-03,"1,007","1,041"
2023-07-04,"1,022","1,024"
2023-07-05,"1,032","1,051"
2023-07-06,"1,037","1,064"
2023-07-07,"1,034","1,096"
2023-07-08,"1,061","1,063"
2023-07-09,"1,075","1,075"
2023-07-10,"1,039","1,095"
2023-07-11,"1,024","1,065"
2023-07-12,"1,046","1,062"
2023-07-13,"1,029","1,077"
2023-07-14,"1,028","1,066"
2023-07-15,"1,054","1,055"
2023-07-16,"1,066","1,067"
2023-07-17,"1,043","1,097"
2023-07-18,"1,028","1,063"
2023-07-19,"1,015","1,073"
2023-07-20,996,"1,050"
2023-07-21,997,"1,048"
2023-07-22,"1,020","1,022"
2023-07-23,"1,030","1,030"
2023-07-24,"1,002","1,053"
2023-07-25,991,"1,027"
2023-07-26,"1,005","1,031"
2023-07-27,953,"1,038"
2023-07-28,961,999
2023-07-29,986,987
2023-07-30,990,990
2023-07-31,990,"1,016"
2023-08-01,970,"1,013"
2023-08-02,932,"1,002"
2023-08-03,895,953
2023-08-04,907,932
2023-08-05,919,919
2023-08-06,924,924
2023-08-07,913,941
2023-08-08,886,923
2023-08-09,873,913
2023-08-10,848,896
2023-08-11,844,878
2023-08-12,853,853
2023-08-13,857,858
2023-08-14,834,872
2023-08-15,830,859
2023-08-16,830,852
2023-08-17,827,851
2023-08-18,839,870
2023-08-19,852,852
2023-08-20,852,853
2023-08-21,837,879
2023-08-22,843,861
2023-08-23,797,851
2023-08-24,791,814
2023-08-25,818,854
2023-08-26,828,828
2023-08-27,835,835
2023-08-28,796,848
2023-08-29,786,814
2023-08-30,790,819
2023-08-31,818,850
2023-09-01,813,863
2023-09-02,827,835
2023-09-03,826,829
2023-09-04,813,837
2023-09-05,814,833
2023-09-06,807,834
2023-09-07,772,819
2023-09-08,795,814
2023-09-09,810,810
2023-09-10,812,813
2023-09-11,787,826
2023-09-12,780,810
2023-09-13,784,801
2023-09-14,783,817
2023-09-15,786,820
2023-09-16,854,896
2023-09-17,859,866
2023-09-18,846,883
2023-09-19,849,869
2023-09-20,884,912
2023-09-21,879,913
2023-09-22,881,915
2023-09-23,895,895
2023-09-24,903,903
2023-09-25,884,925
2023-09-26,892,907
2023-09-27,884,911
2023-09-28,872,916
2023-09-29,874,908
2023-09-30,892,895
2023-10-01,892,897
2023-10-02,859,914
2023-10-03,870,892
2023-10-04,864,894
2023-10-05,892,912
2023-10-06,897,938
2023-10-07,912,912
2023-10-08,918,918
2023-10-09,910,928
2023-10-10,898,933
2023-10-11,877,920
2023-10-12,887,912
2023-10-13,893,933
2023-10-14,911,911
2023-10-15,918,918
2023-10-16,876,931
2023-10-17,976,990
2023-10-18,"1,017","1,062"
2023-10-19,"1,002","1,041"
2023-10-20,"1,023","1,042"
2023-10-21,"1,037","1,037"
2023-10-22,"1,041","1,041"
2023-10-23,"1,022","1,073"
2023-10-24,"1,026","1,044"
2023-10-25,"1,016","1,050"
2023-10-26,"1,040","1,048"
2023-10-27,"1,061","1,095"
2023-10-28,"1,084","1,084"
2023-10-29,"1,198","1,203"
2023-10-30,"1,162","1,214"
2023-10-31,"1,153","1,183"
2023-11-01,"1,155","1,184"
2023-11-02,"1,146","1,187"
2023-11-03,"1,140","1,178"
2023-11-04,"1,232","1,233"
2023-11-05,"1,242","1,242"
2023-11-06,"1,238","1,268"
2023-11-07,"1,240","1,261"
2023-11-08,"1,264","1,285"
2023-11-09,"1,298","1,346"
2023-11-10,"1,300","1,334"
2023-11-11,"1,317","1,317"
2023-11-12,"1,330","1,336"
2023-11-13,"1,336","1,358"
2023-11-14,"1,335","1,354"
2023-11-15,"1,320","1,341"
2023-11-16,"1,327","1,362"
2023-11-17,"1,319","1,364"
2023-11-18,"1,337","1,337"
2023-11-19,"1,353","1,353"
2023-11-20,"1,351","1,380"
2023-11-21,"1,326","1,376"
2023-11-22,"1,323","1,370"
2023-11-23,"1,334","1,335"
2023-11-24,"1,339","1,355"
2023-11-25,"1,290","1,339"
2023-11-26,"1,295","1,297"
2023-11-27,"1,308","1,316"
2023-11-28,"1,311","1,333"
2023-11-29,"1,309","1,344"
2023-11-30,"1,266","1,334"
2023-12-01,"1,275","1,301"
2023-12-02,"1,252","1,287"
2023-12-03,"1,258","1,258"
2023-12-04,"1,262","1,282"
2023-12-05,"1,250","1,275"
2023-12-06,"1,271","1,287"
2023-12-07,"1,259","1,305"
2023-12-08,"1,270","1,319"
2023-12-09,"1,345","1,347"
2023-12-10,"1,294","1,354"
2023-12-11,"1,285","1,308"
2023-12-12,"1,270","1,299"
2023-12-13,"1,279","1,301"
2023-12-14,"1,282","1,314"
2023-12-15,"1,248","1,313"
2023-12-16,"1,271","1,272"
2023-12-17,"1,283","1,283"
2023-12-18,"1,284","1,296"
2023-12-19,"1,273","1,307"
2023-12-20,"1,270","1,301"
2023-12-21,"1,265","1,292"
2023-12-22,"1,178","1,304"
2023-12-23,"1,197","1,198"
2023-12-24,"1,249","1,249"
2023-12-25,"1,253","1,253"
2023-12-26,"1,259","1,273"
2023-12-27,"1,252","1,268"
2023-12-28,"1,259","1,281"
2023-12-29,"1,261","1,280"
2023-12-30,"1,278","1,278"
2023-12-31,"1,279","1,279"
2024-01-01,"1,288","1,288"
2024-01-02,"1,309","1,317"
2024-01-03,"1,299","1,335"
2024-01-04,"1,287","1,336"
2024-01-05,"1,239","1,335"
2024-01-06,"1,258","1,258"
2024-01-07,"1,263","1,263"
2024-01-08,"1,260","1,282"
2024-01-09,"1,260","1,278"
2024-01-10,"1,237","1,284"
2024-01-11,"1,245","1,270"
2024-01-12,"1,201","1,280"
2024-01-13,"1,216","1,241"
2024-01-14,"1,223","1,223"
2024-01-15,"1,225","1,227"
2024-01-16,"1,222","1,225"
2024-01-17,"1,236","1,240"
2024-01-18,"1,204","1,265"
2024-01-19,"1,188","1,242"
2024-01-20,"1,192","1,215"
2024-01-21,"1,194","1,196"
2024-01-22,"1,182","1,212"
2024-01-23,"1,157","1,198"
2024-01-24,"1,168","1,187"
2024-01-25,"1,186","1,201"
2024-01-26,"1,160","1,228"
2024-01-27,"1,140","1,174"
2024-01-28,"1,145","1,145"
2024-01-29,"1,161","1,168"
2024-01-30,"1,146","1,174"
2024-01-31,"1,153","1,172"
2024-02-01,"1,161","1,191"
2024-02-02,"1,158","1,238"
2024-02-03,"1,158","1,178"
2024-02-04,"1,161","1,161"
2024-02-05,"1,145","1,191"
2024-02-06,"1,149","1,171"
2024-02-07,"1,142","1,172"
2024-02-08,"1,146","1,177"
2024-02-09,"1,129","1,191"
2024-02-10,"1,178","1,185"
2024-02-11,"1,176","1,189"
2024-02-12,"1,216","1,239"
2024-02-13,"1,222","1,251"
2024-02-14,"1,238","1,259"
2024-02-15,"1,205","1,256"
2024-02-16,"1,182","1,251"
2024-02-17,"1,177","1,201"
2024-02-18,"1,182","1,182"
2024-02-19,"1,226","1,227"
2024-02-20,"1,244","1,276"
2024-02-21,"1,242","1,272"
2024-02-22,"1,248","1,280"
2024-02-23,"1,218","1,285"
2024-02-24,"1,211","1,233"
2024-02-25,"1,217","1,219"
2024-02-26,"1,236","1,249"
2024-02-27,"1,242","1,266"
2024-02-28,"1,234","1,268"
2024-02-29,"1,231","1,268"
2024-03-01,"1,182","1,290"
2024-03-02,"1,144","1,192"
2024-03-03,"1,151","1,152"
2024-03-04,"1,162","1,184"
2024-03-05,"1,155","1,190"
2024-03-06,"1,169","1,191"
2024-03-07,"1,154","1,192"
2024-03-08,"1,136","1,206"
2024-03-09,"1,153","1,153"
2024-03-10,"1,159","1,159"
2024-03-11,"1,174","1,193"
2024-03-12,"1,173","1,203"
2024-03-13,"1,176","1,202"
2024-03-14,"1,153","1,195"
2024-03-15,"1,072","1,204"
2024-03-16,"1,096","1,097"
2024-03-17,"1,103","1,103"
2024-03-18,"1,119","1,125"
2024-03-19,"1,104","1,145"
2024-03-20,"1,119","1,133"
2024-03-21,"1,126","1,147"
2024-03-22,"1,037","1,171"
2024-03-23,"1,048","1,050"
2024-03-24,"1,056","1,056"
2024-03-25,"1,056","1,082"
2024-03-26,"1,062","1,094"
2024-03-27,"1,074","1,102"
2024-03-28,"1,077","1,103"
2024-03-29,"1,028","1,117"
2024-03-30,"1,041","1,042"
2024-03-31,"1,046","1,046"
2024-04-01,"1,060","1,073"
2024-04-02,"1,064","1,088"
2024-04-03,"1,085","1,099"
2024-04-04,"1,077","1,111"
2024-04-05,"1,013","1,118"
2024-04-06,"1,032","1,032"
2024-04-07,"1,040","1,040"
2024-04-08,"1,033","1,055"
2024-04-09,"1,042","1,067"
2024-04-10,"1,057","1,079"
2024-04-11,"1,061","1,086"
2024-04-12,"1,013","1,105"
2024-04-13,"1,029","1,031"
2024-04-14,"1,036","1,036"
2024-04-15,"1,052","1,080"
2024-04-16,"1,056","1,083"
2024-04-17,"1,061","1,087"
2024-04-18,"1,056","1,084"
2024-04-19,"1,030","1,107"
2024-04-20,"1,042","1,042"
2024-04-21,"1,058","1,059"
2024-04-22,"1,072","1,088"
2024-04-23,"1,069","1,103"
2024-04-24,"1,076","1,102"
2024-04-25,"1,084","1,105"
2024-04-26,"1,028","1,123"
2024-04-27,"1,036","1,036"
2024-04-28,"1,042","1,042"
2024-04-29,"1,051","1,070"
2024-04-30,"1,053","1,073"
2024-05-01,"1,063","1,081"
2024-05-02,"1,061","1,090"
2024-05-03,"1,012","1,095"
2024-05-04,"1,021","1,023"
2024-05-05,"1,066","1,067"
2024-05-06,"1,075","1,086"
2024-05-07,"1,085","1,105"
2024-05-08,"1,102","1,131"
2024-05-09,"1,087","1,123"
2024-05-10,"1,079","1,144"
2024-05-11,"1,098","1,103"
2024-05-12,"1,101","1,101"
2024-05-13,"1,112","1,135"
2024-05-14,"1,097","1,135"
2024-05-15,"1,128","1,149"
2024-05-16,"1,135","1,159"
2024-05-17,"1,096","1,187"
2024-05-18,"1,180","1,191"
2024-05-19,"1,185","1,185"
2024-05-20,"1,171","1,212"
2024-05-21,"1,164","1,203"
2024-05-22,"1,092","1,199"
2024-05-23,"1,072","1,125"
2024-05-24,"1,088","1,126"
2024-05-25,"1,101","1,101"
2024-05-26,"1,106","1,108"
2024-05-27,"1,122","1,122"
2024-05-28,"1,132","1,144"
2024-05-29,"1,100","1,149"
2024-05-30,"1,019","1,131"
2024-05-31,"1,044","1,062"
2024-06-01,"1,054","1,057"
2024-06-02,"1,060","1,060"
2024-06-03,"1,059","1,088"
2024-06-04,"1,055","1,081"
2024-06-05,"1,051","1,083"
2024-06-06,"1,024","1,100"
2024-06-07,"1,026","1,060"
2024-06-08,"1,059","1,061"
2024-06-09,"1,067","1,068"
2024-06-10,"1,070","1,091"
2024-06-11,"1,074","1,100"
2024-06-12,"1,090","1,122"
2024-06-13,"1,053","1,134"
2024-06-14,"1,076","1,101"
2024-06-15,"1,091","1,095"
2024-06-16,"1,101","1,101"
2024-06-17,"1,093","1,117"
2024-06-18,"1,114","1,138"
2024-06-19,"1,139","1,141"
2024-06-20,"1,131","1,173"
2024-06-21,"1,087","1,175"
2024-06-22,"1,100","1,100"
2024-06-23,"1,104","1,107"
2024-06-24,"1,101","1,129"
2024-06-25,"1,107","1,132"
2024-06-26,"1,111","1,137"
2024-06-27,"1,052","1,148"
2024-06-28,"1,116","1,149"
2024-06-29,"1,140","1,141"
2024-06-30,"1,146","1,148"
2024-07-01,"1,135","1,168"
2024-07-02,"1,146","1,176"
2024-07-03,"1,171","1,181"
2024-07-04,"1,193","1,195"
2024-07-05,"1,184","1,232"
2024-07-06,"1,193","1,199"
2024-07-07,"1,203","1,203"
2024-07-08,"1,209","1,209"
2024-07-09,"1,226","1,226"
2024-07-10,"1,252","1,255"
2024-07-11,"1,226","1,274"
2024-07-12,"1,237","1,262"
2024-07-13,"1,245","1,250"
2024-07-14,"1,254","1,260"
2024-07-15,"1,182","1,279"
2024-07-16,"1,181","1,211"
2024-07-17,"1,204","1,219"
2024-07-18,"1,217","1,244"
2024-07-19,"1,193","1,265"
2024-07-20,"1,217","1,222"
2024-07-21,"1,227","1,228"
2024-07-22,"1,228","1,250"
2024-07-23,"1,238","1,260"
2024-07-24,"1,252","1,271"
2024-07-25,"1,168","1,281"
2024-07-26,"1,181","1,217"
2024-07-27,"1,195","1,196"
2024-07-28,"1,204","1,204"
2024-07-29,"1,197","1,222"
2024-07-30,"1,193","1,219"
2024-07-31,"1,192","1,217"
2024-08-01,"1,128","1,230"
2024-08-02,"1,143","1,186"
2024-08-03,"1,159","1,162"
2024-08-04,"1,163","1,165"
2024-08-05,"1,187","1,200"
2024-08-06,"1,178","1,215"
2024-08-07,"1,173","1,196"
2024-08-08,"1,092","1,205"
2024-08-09,"1,112","1,143"
2024-08-10,"1,122","1,125"
2024-08-11,"1,124","1,125"
2024-08-12,"1,130","1,152"
2024-08-13,"1,131","1,166"
2024-08-14,"1,150","1,167"
2024-08-15,"1,156","1,176"
2024-08-16,"1,113","1,207"
2024-08-17,"1,121","1,134"
2024-08-18,"1,123","1,124"
2024-08-19,"1,166","1,193"
2024-08-20,"1,191","1,207"
2024-08-21,"1,208","1,228"
2024-08-22,"1,208","1,238"
2024-08-23,"1,125","1,248"
2024-08-24,"1,132","1,136"
2024-08-25,"1,133","1,137"
2024-08-26,"1,147","1,164"
2024-08-27,"1,166","1,184"
2024-08-28,"1,191","1,197"
2024-08-29,"1,197","1,232"
2024-08-30,"1,135","1,244"
2024-08-31,"1,145","1,158"
2024-09-01,"1,149","1,149"
2024-09-02,"1,164","1,167"
2024-09-03,"1,170","1,198"
2024-09-04,"1,171","1,200"
2024-09-05,"1,159","1,206"
2024-09-06,"1,124","1,219"
2024-09-07,"1,139","1,144"
2024-09-08,"1,147","1,149"
2024-09-09,"1,143","1,169"
2024-09-10,"1,147","1,172"
2024-09-11,"1,158","1,179"
2024-09-12,"1,156","1,189"
2024-09-13,"1,141","1,225"
2024-09-14,"1,153","1,158"
2024-09-15,"1,162","1,165"
2024-09-16,"1,259","1,274"
2024-09-17,"1,262","1,296"
2024-09-18,"1,281","1,300"
2024-09-19,"1,288","1,313"
2024-09-20,"1,220","1,346"
2024-09-21,"1,236","1,240"
2024-09-22,"1,244","1,246"
2024-09-23,"1,249","1,270"
2024-09-24,"1,252","1,277"
2024-09-25,"1,252","1,286"
2024-09-26,"1,259","1,289"
2024-09-27,"1,251","1,308"
2024-09-28,"1,260","1,262"
2024-09-29,"1,263","1,268"
2024-09-30,"1,262","1,295"
2024-10-01,"1,270","1,298"
2024-10-02,"1,250","1,294"
2024-10-03,"1,263","1,290"
2024-10-04,"1,278","1,313"
2024-10-05,"1,291","1,291"
2024-10-06,"1,295","1,297"
2024-10-07,"1,288","1,330"
2024-10-08,"1,252","1,320"
2024-10-09,"1,263","1,288"
2024-10-10,"1,263","1,297"
2024-10-11,"1,261","1,329"
2024-10-12,"1,271","1,279"
2024-10-13,"1,281","1,284"
2024-10-14,"1,272","1,296"
2024-10-15,"1,275","1,306"
2024-10-16,"1,255","1,308"
2024-10-17,"1,255","1,288"
2024-10-18,"1,241","1,298"
2024-10-19,"1,252","1,252"
2024-10-20,"1,258","1,258"
2024-10-21,"1,274","1,289"
2024-10-22,"1,254","1,295"
2024-10-23,"1,235","1,286"
2024-10-24,"1,199","1,295"
2024-10-25,"1,203","1,263"
2024-10-26,"1,207","1,210"
2024-10-27,"1,220","1,220"
2024-10-28,"1,140","1,249"
2024-10-29,"1,141","1,159"
2024-10-30,"1,134","1,175"
2024-10-31,"1,125","1,157"
2024-11-01,"1,117","1,177"
2024-11-02,"1,121","1,126"
2024-11-03,"1,131","1,134"
2024-11-04,"1,131","1,157"
2024-11-05,"1,138","1,158"
2024-11-06,"1,146","1,166"
2024-11-07,"1,161","1,183"
2024-11-08,"1,149","1,215"
2024-11-09,"1,161","1,163"
2024-11-10,"1,173","1,180"
2024-11-11,"1,149","1,194"
2024-11-12,"1,163","1,179"
2024-11-13,"1,146","1,209"
2024-11-14,"1,227","1,254"
2024-11-15,"1,179","1,308"
2024-11-16,"1,195","1,195"
2024-11-17,"1,202","1,203"
2024-11-18,"1,195","1,230"
2024-11-19,"1,188","1,217"
2024-11-20,"1,182","1,226"
2024-11-21,"1,197","1,232"
2024-11-22,"1,148","1,253"
2024-11-23,"1,156","1,169"
2024-11-24,"1,165","1,166"
2024-11-25,"1,153","1,205"
2024-11-26,"1,162","1,182"
2024-11-27,"1,176","1,208"
2024-11-28,"1,190","1,197"
2024-11-29,"1,158","1,227"
2024-11-30,"1,165","1,165"
2024-12-01,"1,176","1,180"
2024-12-02,"1,157","1,198"
2024-12-03,"1,150","1,182"
2024-12-04,"1,172","1,191"
2024-12-05,"1,163","1,197"
2024-12-06,"1,170","1,216"
2024-12-07,"1,185","1,187"
2024-12-08,"1,200","1,207"
2024-12-09,"1,214","1,242"
2024-12-10,"1,227","1,254"
2024-12-11,"1,222","1,268"
2024-12-12,"1,246","1,282"
2024-12-13,"1,230","1,281"
2024-12-14,"1,256","1,258"
2024-12-15,"1,275","1,275"
2024-12-16,"1,259","1,303"
2024-12-17,"1,276","1,295"
2024-12-18,"1,223","1,310"
2024-12-19,"1,243","1,274"
2024-12-20,"1,215","1,304"
2024-12-21,"1,226","1,229"
2024-12-22,"1,247","1,247"
2024-12-23,"1,238","1,300"
2024-12-24,"1,263","1,267"
2024-12-25,"1,267","1,280"
2024-12-26,"1,277","1,288"
2024-12-27,"1,244","1,309"
2024-12-28,"1,250","1,250"
2024-12-29,"1,244","1,267"
2024-12-30,"1,273","1,294"
2024-12-31,"1,251","1,307"
2025-01-01,"1,268","1,273"
2025-01-02,"1,270","1,316"
2025-01-03,"1,251","1,298"
2025-01-04,"1,264","1,265"
2025-01-05,"1,278","1,279"
2025-01-06,"1,249","1,310"
2025-01-07,"1,250","1,279"
2025-01-08,"1,246","1,280"
2025-01-09,"1,273","1,280"
2025-01-10,"1,242","1,328"
2025-01-11,"1,254","1,255"
2025-01-12,"1,259","1,259"
2025-01-13,"1,267","1,303"
2025-01-14,"1,281","1,305"
2025-01-15,"1,233","1,323"
2025-01-16,"1,230","1,264"
2025-01-17,"1,253","1,288"
2025-01-18,"1,270","1,271"
2025-01-19,"1,283","1,283"
2025-01-20,"1,252","1,298"
2025-01-21,"1,259","1,261"
2025-01-22,"1,273","1,284"
2025-01-23,"1,206","1,307"
2025-01-24,"1,103","1,252"
2025-01-25,"1,036","1,136"
2025-01-26,"1,044","1,100"
2025-01-27,"1,073","1,118"
2025-01-28,"1,073","1,127"
2025-01-29,"1,067","1,116"
2025-01-30,"1,110","1,156"
2025-01-31,"1,111","1,173"
2025-02-01,"1,124","1,157"
2025-02-02,"1,141","1,141"
2025-02-03,"1,172","1,179"
2025-02-04,"1,175","1,219"
2025-02-05,"1,148","1,242"
2025-02-06,"1,159","1,199"
2025-02-07,"1,126","1,203"
2025-02-08,"1,195","1,197"
2025-02-09,"1,209","1,218"
2025-02-10,"1,213","1,251"
2025-02-11,"1,213","1,267"
2025-02-12,"1,148","1,262"
2025-02-13,"1,158","1,212"
2025-02-14,"1,190","1,236"
2025-02-15,"1,227","1,229"
2025-02-16,"1,238","1,240"
2025-02-17,"1,253","1,256"
