code,latitude,longitude,N,size,N_min,N_max
ABQHOLD,35.052,-106.627,6.742,2.0,3.71,29.3
ABRXSPA,40.192,-75.916,0.0,2.0,0.067,0.194
ABTHOLD,32.57,-99.679,0.548,2.0,0.065,1.067
ADACOID,43.607,-116.27,0.0,2.0,0.032,10.194
ADAMSCO,39.991,-104.798,0.0,2.0,0.032,0.032
ADAMSWA,47.127,-118.383,0.0,2.0,0.032,0.833
ADDCOVT,44.012,-73.164,0.0,2.0,0.032,0.567
ADLNTCA,34.559,-117.441,1024.194,12.0,4.839,1262.133
AFRC,32.859,-104.415,93.774,3.5,16.967,532.097
AGAHOLD,13.476,144.75,0.0,2.0,0.032,0.533
AGC,18.43,-67.154,0.0,2.0,0.032,59.516
AIRHOPR,18.44,-65.999,0.0,2.0,0.032,1.1
AKCOOKI,61.218,-149.858,0.0,2.0,0.032,0.871
AKFAIRB,64.833,-147.759,0.0,2.0,0.032,0.968
AKHIGHL,61.303,-149.579,0.0,2.0,0.032,3.857
AKKETCH,55.348,-131.649,0.0,2.0,0.033,0.161
AKLEMON,58.363,-134.484,0.0,2.0,0.032,0.677
AKMATSU,61.602,-149.109,0.0,2.0,0.129,0.129
AKMCYOU,61.188,-149.831,0.0,2.0,0.065,0.097
AKPALMC,61.691,-149.008,0.0,2.0,0.065,0.167
AKPSYNJ,40.22,-74.764,0.0,2.0,0.032,0.033
AKWILCC,60.584,-151.3,0.0,2.0,0.161,0.161
AKWILPT,60.584,-151.3,0.0,2.0,0.065,0.133
ALAMCNC,36.068,-79.404,0.0,2.0,0.065,89.067
ALAMOTX,26.182,-98.119,0.0,2.0,0.032,0.032
ALBCONY,42.751,-73.816,3.226,2.0,1.367,38.677
ALBEMVA,38.006,-78.495,0.0,2.0,0.032,0.097
ALEXAVA,38.798,-77.065,0.0,2.0,0.065,0.323
ALHAMCA,34.092,-118.127,0.0,2.0,0.032,25.964
ALLEGNY,42.213,-78.017,3.548,2.0,3.133,23.677
ALLEGPA,40.435,-79.994,0.0,2.0,0.129,16.484
ALMHOLD,37.489,-105.86,0.0,2.0,0.032,0.929
AMTHOLD,35.225,-101.741,0.323,2.0,0.167,0.933
ANCHOAK,61.219,-149.857,0.0,2.0,0.065,9.714
ANJUVMN,45.181,-93.124,0.0,2.0,0.067,0.1
APACHAZ,34.502,-109.365,0.0,2.0,0.097,3.517
ARLCOVA,38.891,-77.083,0.0,2.0,0.032,52.29
AROOSME,46.125,-67.839,0.0,2.0,0.032,0.467
ARRMCCA,34.074,-117.351,0.0,2.0,0.032,0.267
ASHECNC,36.419,-81.46,0.0,2.0,0.032,0.033
ASHRSFL,26.185,-80.119,0.806,2.0,0.161,2.903
ATLANGA,33.763,-84.387,13.258,3.5,6.567,214.3
ATLHOLD,33.753,-84.394,12.452,3.5,11.4,41.935
AURORCO,39.71,-104.796,0.0,2.0,0.032,0.032
AUSHOLD,30.269,-97.739,7.29,2.0,0.129,17.226
AVPARLA,31.117,-92.067,0.0,2.0,0.032,0.032
AZDCTUC,32.066,-110.861,0.0,2.0,0.033,0.033
BAILECA,32.59,-116.921,0.0,2.0,0.036,0.806
BAKERFL,30.296,-82.122,166.871,6.0,43.4,295.161
BALDWAL,30.885,-87.775,2.742,2.0,1.533,8.742
BALHOLD,39.255,-76.681,2.419,2.0,2.167,13.367
BANNOID,42.825,-112.389,0.0,2.0,0.032,5.065
BARNSMA,41.7,-70.303,0.0,2.0,0.267,0.267
BARRECA,32.718,-116.677,0.0,2.0,0.033,0.033
BASILLA,30.487,-92.582,339.774,6.0,233.483,824.167
BEDCITX,32.842,-97.131,15.806,3.5,1.968,44.367
BEDFOOH,41.406,-81.498,0.065,2.0,0.065,84.233
BEDFOPA,40.017,-78.506,0.0,2.0,0.065,0.323
BEFAMPA,40.38,-76.016,67.968,3.5,23.742,84.633
BEHOSNY,40.74,-73.976,0.0,2.0,0.567,0.567
BEJUVPA,40.382,-76.017,0.0,2.0,0.032,0.161
BENTOWA,46.222,-119.219,0.0,2.0,3.0,15.742
BERGENJ,40.874,-74.039,93.129,3.5,85.387,188.3
BERKSPA,40.385,-76.02,0.0,2.0,0.032,32.806
BERNANM,35.09,-106.651,0.0,2.0,0.032,0.267
BESECPA,40.382,-76.017,0.0,2.0,0.032,7.032
BHCALCA,34.089,-118.074,0.0,2.0,0.032,3.645
BHFLDMI,42.33,-85.192,0.0,2.0,0.097,0.167
BHMHOLD,33.479,-86.79,0.0,2.0,2.1,2.1
BIGHOMT,45.35,-107.272,0.0,2.0,0.032,0.533
BIGHOWY,44.382,-108.039,0.0,2.0,0.033,0.033
BKLHOLD,35.374,-119.011,6.355,2.0,5.7,28.032
BLOUNTN,35.755,-83.959,0.0,2.0,1.643,4.733
BOEHOLD,31.806,-106.371,1.0,2.0,1.0,1.0
BOIHOLD,43.594,-116.288,0.194,2.0,0.033,0.194
BONNEID,43.495,-112.041,0.0,2.0,0.032,0.871
BOONEKY,39.037,-84.728,97.323,3.5,33.3,200.581
BOPALM,41.127,-76.922,0.0,2.0,0.613,2.0
BOPBRO,40.66,-74.004,0.0,2.0,0.032,0.032
BOPBUT,36.14,-78.746,0.0,2.0,0.226,1.0
BOPCAA,41.567,-75.412,0.0,2.0,0.032,1.0
BOPCNV,36.159,-86.781,0.0,2.0,0.032,1.067
BOPCUM,39.597,-78.754,0.0,2.0,0.467,1.0
BOPGUA,38.795,-106.535,13.839,3.5,7.167,72.133
BOPHON,21.334,-157.928,23.387,3.5,20.667,70.871
BOPLEX,38.105,-84.56,0.0,2.0,0.032,0.032
BOPLOF,34.677,-120.498,1.613,2.0,0.033,3.233
BOPLOM,34.676,-120.506,0.0,2.0,0.032,0.033
BOPLOS,34.054,-118.24,0.0,2.0,0.032,0.032
BOPMAR,37.663,-88.984,0.0,2.0,0.933,1.0
BOPMCR,36.686,-84.388,0.0,2.0,0.032,1.0
BOPMEM,35.156,-89.867,0.0,2.0,0.107,1.033
BOPMIM,25.778,-80.193,0.0,2.0,0.065,0.065
BOPOAD,30.832,-92.637,1.0,2.0,1.0,773.067
BOPPHX,33.872,-112.156,0.032,2.0,0.032,0.214
BOPRAE,32.054,-82.877,0.0,2.0,0.032,0.179
BOPRCH,44.024,-92.436,0.0,2.0,0.871,2.0
BOPSDC,32.714,-117.166,3.0,2.0,0.032,3.065
BOPSET,47.422,-122.301,0.0,2.0,0.032,1.0
BOPSPG,37.177,-93.325,1.0,2.0,0.032,8.5
BOPTCP,32.085,-110.865,0.0,2.0,0.033,0.871
BOPTHA,39.408,-87.455,2.0,2.0,0.567,2.067
BOPTRV,28.445,-98.322,0.0,2.0,0.129,0.129
BOPVIM,34.565,-117.367,0.0,2.0,0.033,0.033
BOSHOLD,42.483,-71.209,0.194,2.0,0.097,4.323
BOTTIND,48.828,-100.45,0.0,2.0,0.032,0.933
BOWCOTX,33.421,-94.043,0.0,2.0,0.194,0.194
BPC,42.368,-71.052,0.0,2.0,0.032,1.806
BRADEFL,27.495,-82.573,0.0,2.0,0.032,1.0
BRCHOLD,40.272,-103.625,0.0,2.0,0.032,1.833
BRGMCFL,26.102,-80.141,0.0,2.0,0.032,1.871
BRINDMA,41.666,-70.996,93.129,3.5,93.129,242.548
BROADMT,46.322,-111.515,0.0,2.0,0.065,0.533
BROCRFL,26.034,-80.42,0.0,2.0,0.032,0.067
BROJAFL,26.116,-80.142,0.0,2.0,0.032,0.032
BROKSTX,27.248,-98.127,17.258,3.5,0.179,451.903
BROMMNY,42.131,-75.914,0.0,2.0,0.033,0.548
BROWNSD,45.465,-98.486,0.0,2.0,0.065,0.258
BSAHOLD,41.868,-87.866,15.226,3.5,0.032,23.097
BSCDRTX,32.224,-101.506,0.0,2.0,0.857,0.857
BSCHOLD,32.225,-101.514,14.71,3.5,1.929,19.903
BSCORTX,32.221,-101.508,0.0,2.0,0.065,0.643
BSFLTTX,32.225,-101.528,0.0,2.0,0.033,0.107
BSGDFTX,33.201,-101.373,0.0,2.0,0.536,0.536
BSNTRTX,32.263,-101.493,0.0,2.0,0.033,0.033
BTV,43.02,-78.202,381.903,6.0,309.194,574.067
BUFHOLD,42.888,-78.878,0.065,2.0,0.032,0.226
BURLEND,46.797,-100.727,0.0,2.0,0.4,1.138
BURNETX,30.741,-98.253,3.258,2.0,0.032,10.871
BUTLEKS,37.817,-96.862,3.194,2.0,0.226,19.129
BUTLEOH,39.388,-84.556,58.065,3.5,53.161,228.677
BWDGICA,34.063,-118.239,0.065,2.0,0.032,4.645
CACCJAM,37.892,-120.539,0.0,2.0,0.033,0.161
CACFBAK,35.278,-116.055,0.0,2.0,0.033,0.033
CACFDON,32.585,-116.934,0.0,2.0,0.033,0.033
CACTYCA,35.152,-117.859,0.0,2.0,14.194,581.194
CADCCAL,33.164,-115.493,1.065,2.0,0.3,1.935
CADESVI,34.56,-117.437,0.0,2.0,0.032,0.032
CAJUVMN,44.788,-93.593,0.0,2.0,0.032,0.786
CALDWMO,39.642,-94.047,27.645,3.5,18.355,60.433
CALHOMI,42.317,-85.176,98.484,3.5,87.1,218.8
CAMBRPA,40.484,-78.701,0.0,2.0,0.129,121.581
CAMCOWY,44.277,-105.512,0.0,2.0,0.065,0.2
CAMEDAZ,33.027,-111.394,0.0,2.0,0.032,0.467
CAMERTX,25.908,-97.495,0.0,2.0,0.032,0.774
CARBOPA,40.878,-75.784,0.0,2.0,0.167,0.167
CARBOWY,41.796,-107.223,0.0,2.0,0.033,0.903
CARJAMN,44.787,-93.593,20.065,3.5,20.065,46.867
CARROMD,39.572,-76.987,0.0,2.0,0.167,17.3
CASCAMT,47.432,-111.507,1.29,2.0,0.065,3.433
CASPCAL,33.163,-115.485,0.0,2.0,0.036,1.097
CASSCND,46.87,-96.836,0.0,2.0,0.033,0.452
CASSCNE,41.012,-95.883,2.355,2.0,1.742,42.452
CASSJCA,32.75,-117.145,0.0,2.0,0.032,0.032
CATTANY,42.252,-78.8,0.0,2.0,0.065,1.194
CAWVALL,34.081,-117.529,0.0,2.0,0.032,0.067
CAYUGNY,42.98,-76.543,0.0,2.0,0.032,0.333
CBENDTX,27.737,-97.755,0.065,2.0,0.065,913.871
CBRRSNC,35.409,-80.578,0.323,2.0,0.032,3.433
CCADCAZ,33.044,-111.377,60.065,3.5,30.267,594.355
CCAFLAZ,33.043,-111.372,273.742,6.0,179.065,359.833
CCAHUTX,30.565,-97.419,474.0,6.0,137.067,527.433
CCASDCA,32.576,-116.915,589.645,9.0,589.645,702.267
CEMEDFL,25.788,-80.216,0.0,2.0,0.067,0.452
CENTRWV,38.699,-80.662,0.0,2.0,0.129,0.129
CFREDVA,39.199,-78.144,0.0,2.0,0.968,0.968
CGRMCAZ,32.872,-111.74,0.0,2.0,0.032,0.1
CHACONY,42.255,-79.504,4.839,2.0,0.032,14.433
CHAHOLD,18.34,-64.927,0.29,2.0,0.032,7.033
CHARLSC,32.845,-80.014,12.452,3.5,1.0,133.968
CHASEKS,38.368,-96.539,17.935,3.5,16.433,51.097
CHATHGA,32.067,-81.169,0.0,2.0,0.032,0.033
CHELAWA,47.422,-120.315,0.0,2.0,0.065,6.645
CHEMUNY,42.091,-76.801,0.0,2.0,0.033,0.033
CHENANY,42.531,-75.524,0.0,2.0,0.065,0.065
CHEROOK,35.914,-94.973,0.0,2.0,0.032,0.032
CHIHOLD,41.975,-87.89,12.677,3.5,0.032,27.9
CHIPPMI,46.497,-84.346,8.161,2.0,8.161,54.742
CHRISMO,37.02,-93.205,10.806,3.5,5.286,31.7
CHYHOLD,41.137,-104.82,0.194,2.0,0.033,1.032
CITRUFL,28.845,-82.477,0.0,2.0,0.032,0.032
CKHOSFL,25.731,-80.386,2.129,2.0,0.129,3.5
CLARIPA,41.238,-79.423,0.0,2.0,0.129,0.129
CLARKWA,45.63,-122.679,0.0,2.0,0.033,0.033
CLAYCIN,39.524,-87.119,40.484,3.5,3.71,57.194
CLEHOLD,41.505,-81.692,0.194,2.0,0.032,0.903
CLICONY,44.721,-73.467,3.774,2.0,2.0,25.806
CLINTPA,41.151,-77.35,17.355,3.5,8.667,178.645
CLTHOLD,35.223,-80.837,2.226,2.0,0.032,8.129
CMEDHPR,18.392,-66.075,0.0,2.0,0.194,0.4
CMPJVNY,42.913,-78.868,0.065,2.0,0.032,0.7
CNGHOLD,35.106,-85.299,0.0,2.0,0.233,0.233
COAHOLD,34.009,-81.04,0.129,2.0,0.129,1.467
COBBJGA,33.908,-84.577,2.194,2.0,0.129,31.467
COCHIAZ,31.433,-109.871,0.0,2.0,0.032,0.3
COCONAZ,35.187,-111.64,0.0,2.0,0.032,1.367
COLCASC,34.08,-80.977,7.548,2.0,0.032,39.433
COLLIFL,26.128,-81.765,8.71,2.0,2.767,29.75
COLOMNY,42.249,-73.756,0.0,2.0,0.065,0.071
COLUMOR,45.848,-122.819,0.0,2.0,0.032,43.677
COLUMPA,40.998,-76.45,0.0,2.0,0.161,38.29
COMFTFL,25.733,-80.383,2.484,2.0,0.033,4.581
CONCOCA,38.018,-122.133,1.129,2.0,0.032,13.5
CONCOLA,31.597,-91.558,0.0,2.0,0.032,0.032
CONEJCO,37.167,-106.0,0.0,2.0,0.167,3.333
CONVEWY,42.76,-105.381,0.0,2.0,0.033,0.233
CONWECA,37.995,-122.354,67.516,3.5,67.516,258.935
COOSCOR,43.177,-124.186,0.0,2.0,0.033,0.548
COSTACA,33.652,-117.912,0.0,2.0,0.032,4.607
COWJVWA,46.141,-122.92,0.0,2.0,0.067,2.839
CRGHOLD,40.514,-107.545,0.129,2.0,0.032,2.483
CRIHOLD,41.975,-91.669,0.032,2.0,0.032,1.107
CROWGMN,46.357,-94.205,0.0,2.0,0.355,1.71
CRTOSCA,33.884,-118.103,0.0,2.0,0.071,0.071
CRYCCTX,28.747,-99.844,0.0,2.0,9.0,382.867
CSCNWWA,47.25,-122.422,785.419,9.0,699.387,1499.968
CSPHOLD,42.852,-106.324,0.097,2.0,0.032,0.968
CSYJVNY,43.097,-79.054,0.0,2.0,0.032,0.226
CTLAFSL,41.761,-72.683,0.0,2.0,0.033,4.742
CTYORCI,41.323,-72.237,0.0,2.0,0.2,14.867
CULPEVA,38.474,-77.997,0.0,2.0,0.032,0.032
CUMBEME,43.651,-70.282,0.548,2.0,0.167,50.0
CURRYNM,34.406,-103.206,0.0,2.0,0.032,0.032
CUSTEMT,46.408,-105.845,0.0,2.0,0.194,0.194
CVREGVA,38.227,-78.117,0.0,2.0,0.097,0.097
DAKOTNE,42.416,-96.42,0.387,2.0,0.387,5.9
DALCOTX,32.777,-96.816,0.0,2.0,0.032,0.032
DALHOLD,32.824,-96.872,24.419,3.5,5.323,42.839
DAVIDTN,36.157,-86.772,5.065,2.0,4.8,62.29
DAWSOMT,47.105,-104.716,0.0,2.0,0.065,0.323
DCDOCDC,38.918,-77.032,0.0,2.0,0.032,0.133
DEAPDMI,42.314,-83.2,4.323,2.0,4.167,16.226
DEKALAL,34.418,-85.773,24.129,3.5,7.903,79.067
DEKALGA,33.776,-84.244,0.0,2.0,0.032,0.742
DELTACO,38.74,-108.072,0.0,2.0,0.065,0.071
DENCICO,39.738,-104.991,0.0,2.0,0.065,2.032
DENHOLD,39.784,-104.849,1.839,2.0,1.839,30.774
DENICDF,39.761,-104.849,378.839,6.0,360.548,444.161
DENVECO,39.768,-104.864,0.0,2.0,0.032,4.935
DEPCOGU,13.45,144.803,0.0,2.0,0.2,42.226
DEPYOGU,13.466,144.801,0.0,2.0,0.032,1.0
DETHOLD,42.343,-83.01,0.032,2.0,0.032,2.033
DHDFNJ,40.718,-74.128,113.194,6.0,0.097,424.839
DLAMOCA,33.81,-118.343,0.0,2.0,0.032,0.032
DLRHOLD,29.393,-100.899,0.0,2.0,0.065,0.533
DNHMCCO,39.728,-104.991,0.0,2.0,0.032,0.194
DOCORNE,41.253,-95.938,58.677,3.5,47.194,154.767
DODGEWI,43.407,-88.706,159.29,6.0,127.967,277.742
DORCHMD,38.548,-76.059,0.0,2.0,2.667,36.387
DOUGLCO,39.367,-104.863,0.0,2.0,0.032,1.806
DOUGLOR,43.211,-123.341,0.0,2.0,0.033,0.323
DRURYCO,39.775,-104.846,0.0,2.0,0.032,2.0
DSMHOLD,41.586,-93.624,0.0,2.0,0.032,0.433
DSRTVCA,34.472,-117.298,0.516,2.0,0.161,0.933
DUPAGIL,41.869,-88.141,0.0,2.0,0.032,0.032
DURHOLD,37.237,-107.874,0.0,2.0,0.032,0.323
DUTCHAK,53.871,-166.542,0.0,2.0,0.226,0.484
DUVALFL,30.326,-81.651,0.0,2.0,0.8,12.032
DVDHOLD,39.154,-75.488,0.419,2.0,0.419,3.032
EAGLECO,39.663,-106.818,0.0,2.0,0.032,6.167
EAZ,32.818,-111.52,1294.484,12.0,1243.633,1554.067
ECC,32.803,-115.569,0.0,2.0,192.633,562.733
ECMCBNY,42.927,-78.832,0.0,2.0,0.29,0.29
ECOLOWA,47.479,-122.284,0.0,2.0,0.065,0.516
ECTORTX,31.821,-102.36,0.0,2.0,0.032,0.935
EDCHOLD,31.217,-99.834,2.839,2.0,2.233,6.29
EDDCONM,32.422,-104.227,0.0,2.0,0.032,0.129
EDENDTX,31.217,-99.834,0.0,2.0,0.032,0.357
EDNBGTX,26.286,-98.164,0.0,2.0,0.036,0.467
EHDLGTX,26.296,-97.918,105.355,6.0,1.806,661.839
EIRHONY,42.884,-78.879,0.0,2.0,0.387,0.387
ELBERCO,39.342,-104.464,0.0,2.0,0.065,0.065
ELGPDIL,42.04,-88.284,1.387,2.0,0.29,5.067
ELMORID,43.137,-115.673,5.645,2.0,0.967,21.742
ELPASCO,38.788,-104.779,22.581,3.5,4.839,182.933
ELZICDF,40.666,-74.19,168.355,6.0,139.032,312.4
EMBSYCO,39.778,-104.865,0.0,2.0,0.065,0.1
EMESACA,32.591,-116.918,0.0,2.0,0.032,0.067
EPC,31.794,-106.369,674.548,9.0,505.613,984.71
EPCJUVI,31.794,-106.369,1.032,2.0,0.032,2.5
ERICONY,42.884,-78.879,0.0,2.0,0.133,0.581
ERICOPA,42.124,-80.067,4.677,2.0,0.032,14.032
ESSEXMA,42.597,-70.986,0.0,2.0,0.214,32.467
ESSEXNJ,40.721,-74.127,395.935,6.0,219.484,687.9
ESSEXNY,44.282,-73.536,0.0,2.0,0.032,4.367
ETOWAAL,34.017,-86.012,277.806,6.0,254.806,381.033
ETWHOLD,34.017,-86.012,0.0,2.0,1.333,1.333
EUGHOLD,44.052,-123.089,0.097,2.0,0.097,2.0
EULESTX,32.829,-97.102,14.71,3.5,5.806,54.0
FAICOVA,38.844,-77.309,0.0,2.0,0.032,2.233
FAULKAR,35.089,-92.444,0.0,2.0,0.645,4.645
FAULKSD,45.034,-99.127,0.0,2.0,0.065,0.065
FAYHOLD,35.998,-94.09,0.0,2.0,0.032,2.533
FERRYWA,48.65,-118.734,0.0,2.0,0.032,0.133
FLATHMT,48.189,-114.311,0.0,2.0,0.065,0.387
FLDADCI,25.415,-80.5,0.065,2.0,0.065,0.065
FLO,33.064,-111.382,384.419,6.0,335.387,507.0
FORSYNC,36.097,-80.242,0.548,2.0,0.032,3.3
FRACOVT,44.811,-73.081,0.0,2.0,12.581,20.935
FRANKWA,46.237,-119.096,0.0,2.0,0.323,0.323
FREDEMD,39.366,-77.413,36.097,3.5,22.467,60.733
FREEBMN,43.646,-93.368,35.097,3.5,0.774,103.4
FREHOLD,36.733,-119.786,3.065,2.0,2.967,17.806
FREMOCO,38.446,-105.182,0.0,2.0,0.233,18.29
FREMOWY,42.836,-108.726,0.0,2.0,0.129,0.129
FRMVLVA,37.324,-78.437,514.677,9.0,33.677,573.419
FSAHOLD,35.335,-94.389,0.032,2.0,0.032,0.161
FSF,33.064,-111.379,201.613,6.0,168.548,472.3
GALLAMT,45.673,-111.06,0.0,2.0,0.065,0.323
GARVIOK,34.74,-97.222,1.548,2.0,0.071,22.903
GASTNNC,35.268,-81.184,0.0,2.0,0.032,5.433
GEAUGOH,41.505,-81.192,37.677,3.5,6.226,58.29
GENESNY,43.008,-78.225,0.0,2.0,0.065,2.129
GFCORND,47.936,-97.058,3.581,2.0,1.806,50.806
GFJUVND,47.936,-97.058,0.0,2.0,0.033,0.387
GIJUVAZ,33.395,-110.771,0.0,2.0,0.032,0.065
GJCHOLD,39.087,-108.586,0.29,2.0,0.129,2.613
GLADEFL,26.839,-81.124,77.968,3.5,77.968,479.258
GLEPDCA,34.147,-118.249,0.129,2.0,0.033,31.964
GLOUCNJ,39.84,-75.15,0.0,2.0,0.033,0.033
GOSHEWY,42.065,-104.182,0.0,2.0,0.033,0.033
GRANTOR,44.39,-118.95,0.0,2.0,0.036,0.419
GRANTWA,47.322,-119.554,0.0,2.0,0.065,1.71
GRAYSKY,37.489,-86.271,3.032,2.0,0.065,14.867
GREENMA,42.596,-72.613,63.226,3.5,0.067,91.8
GREENMO,37.218,-93.291,0.0,2.0,0.032,0.133
GRFHOLD,47.924,-97.035,0.032,2.0,0.032,0.419
GRIHOLD,40.924,-98.343,0.0,2.0,0.032,1.355
GRMHOLD,42.973,-85.671,0.581,2.0,0.032,0.6
GRRHOLD,34.939,-82.247,0.065,2.0,0.033,0.065
GRYDCKY,37.489,-86.271,0.0,2.0,0.806,17.0
GSCHOLD,39.558,-107.358,0.323,2.0,0.226,3.2
GUADATX,29.603,-97.97,0.0,2.0,0.032,1.0
GUDOCHG,13.474,144.751,7.484,2.0,0.355,23.645
GWINNGA,33.982,-83.977,0.0,2.0,0.032,0.419
HAILEID,43.665,-116.682,0.194,2.0,0.067,8.806
HALLJGA,34.239,-83.813,1.065,2.0,1.065,16.194
HARDJIA,42.36,-93.097,10.613,3.5,10.613,83.7
HARFOCT,41.794,-72.662,0.0,2.0,0.032,0.036
HARHOLD,41.761,-72.684,0.419,2.0,0.097,5.774
HARRIGA,32.758,-84.875,0.0,2.0,0.032,0.032
HASHENE,40.928,-98.327,10.516,3.5,4.0,99.6
HASKLTX,33.177,-99.721,395.581,6.0,395.581,625.3
HBGHOLD,38.427,-78.85,0.0,2.0,0.032,2.7
HDLGOTX,26.1,-98.26,0.0,2.0,0.033,0.419
HELHOLD,46.594,-111.972,0.0,2.0,0.194,0.387
HENDENC,35.316,-82.456,10.323,3.5,6.129,50.032
HENDENV,36.031,-114.979,217.806,6.0,64.429,298.839
HERNAFL,28.484,-82.451,0.0,2.0,114.645,241.355
HHWHOLD,21.3,-157.864,0.226,2.0,0.032,0.226
HICOJFL,27.959,-82.372,0.0,2.0,0.645,0.929
HIDALTX,26.274,-98.153,0.161,2.0,0.032,1.0
HILLCMT,48.552,-109.707,0.065,2.0,0.065,3.4
HLGHOLD,26.178,-97.714,103.968,6.0,0.032,343.032
HMCHOTX,26.157,-97.675,3.065,2.0,0.032,4.167
HOKLYTX,33.578,-102.379,0.0,2.0,0.032,0.032
HOTELMA,42.387,-71.016,0.0,2.0,0.067,0.067
HOUHOLD,29.95,-95.313,28.226,3.5,21.194,57.633
HOUICDF,29.95,-95.312,864.161,9.0,853.3,1023.645
HOWARMD,39.169,-76.782,43.387,3.5,22.548,102.6
HRLGNTX,26.2,-97.706,0.032,2.0,0.032,0.161
HRREGVA,36.808,-76.364,0.0,2.0,0.839,452.967
HSF,26.181,-97.685,0.0,2.0,0.032,147.452
HUDSONJ,40.727,-74.106,430.968,6.0,267.258,493.871
IAHSFTX,29.993,-95.342,1.355,2.0,1.267,5.667
IMPCOCA,32.748,-115.563,0.032,2.0,0.032,0.065
INDCMIC,39.768,-86.165,0.0,2.0,0.097,0.097
INPHOLD,39.766,-86.153,2.71,2.0,0.633,9.548
IRADFCA,32.69,-115.398,649.903,9.0,51.3,649.903
IRWINGA,31.58,-83.255,337.968,6.0,1.516,467.8
ISHOSNY,40.734,-73.981,0.0,2.0,0.065,0.323
IWAHOLD,33.418,-111.837,1.774,2.0,0.29,20.3
JACKSOR,42.322,-122.878,0.0,2.0,0.065,1.567
JAJUVOR,42.321,-122.878,0.0,2.0,0.067,0.133
JAXHOLD,30.257,-81.59,0.0,2.0,0.032,11.2
JEFFECO,39.731,-105.202,0.0,2.0,1.429,3.8
JEFFEID,43.679,-111.911,0.419,2.0,0.161,8.133
JEFFEIL,38.314,-88.903,0.0,2.0,0.032,150.032
JEFFEKS,39.207,-95.312,0.0,2.0,3.2,3.2
JEFFEMT,46.235,-112.122,0.0,2.0,0.065,3.633
JEFFENY,43.973,-75.928,0.0,2.0,0.065,0.133
JEFFETX,30.079,-94.093,0.0,2.0,0.032,7.767
JENADLA,31.709,-92.151,903.129,9.0,535.452,1234.233
JENATLA,31.318,-92.536,228.355,6.0,167.133,228.355
JENNIMO,38.711,-90.267,0.0,2.0,0.065,0.774
JHALLCA,32.794,-117.154,0.0,2.0,0.065,0.133
JHRWLTX,31.549,-97.081,1.548,2.0,0.034,326.133
JMHOSFL,25.792,-80.213,0.903,2.0,0.032,2.267
JOHNSTX,32.375,-97.39,104.032,6.0,62.032,304.567
JOSEPOR,42.433,-123.304,0.581,2.0,0.581,15.548
KANECIL,41.9,-88.356,0.0,2.0,0.033,0.033
KANHOLD,39.269,-94.676,0.032,2.0,0.032,2.129
KARNETX,28.884,-97.912,0.0,2.0,2.857,440.933
KCCDCTX,28.87,-97.901,0.0,2.0,0.387,620.933
KCHOSNY,40.656,-73.943,0.0,2.0,0.032,1.0
KENOSWI,42.594,-87.912,126.355,6.0,109.643,229.6
KENTCMI,42.976,-85.632,2.742,2.0,0.065,3.903
KERCOCA,35.51,-119.111,0.0,2.0,0.871,159.333
KINNETX,29.312,-100.418,0.0,2.0,0.065,0.067
KITTIWA,46.997,-120.549,0.0,2.0,0.032,0.167
KLAMCOR,42.223,-121.75,0.0,2.0,0.065,2.0
KNXHOLD,35.961,-83.917,0.0,2.0,0.567,0.567
KODIAAK,57.805,-152.373,0.0,2.0,0.032,0.161
KOOTEID,47.721,-116.786,0.0,2.0,0.033,0.226
KRHUBFL,25.795,-80.279,2.871,2.0,0.032,9.161
KRNRCTX,28.885,-97.915,488.806,6.0,0.065,518.065
KRO,25.754,-80.489,355.677,6.0,355.677,732.613
LACKAPA,41.423,-75.648,0.0,2.0,31.733,193.194
LAKCOMT,47.692,-114.161,0.0,2.0,0.065,0.194
LANCACA,34.702,-118.235,0.0,2.0,0.032,1372.3
LANECOR,44.052,-123.09,0.0,2.0,0.032,7.833
LAPAZAZ,34.146,-114.29,0.0,2.0,0.097,5.0
LAPLACO,37.248,-107.879,0.065,2.0,0.065,2.581
LARCOWY,41.135,-104.82,0.0,2.0,0.097,1.032
LARIMCO,40.564,-105.033,0.0,2.0,0.065,1.333
LASALTX,28.444,-99.237,0.0,2.0,17.71,17.71
LASANCO,37.183,-104.485,0.0,2.0,0.133,0.133
LASWOCA,32.844,-116.973,0.0,2.0,0.032,0.065
LAWREPA,41.0,-80.337,0.0,2.0,0.065,0.194
LAWRESD,44.374,-103.73,0.0,2.0,0.323,0.333
LBKHOLD,33.584,-101.845,0.355,2.0,0.355,1.867
LDFHOLD,40.398,-105.072,0.226,2.0,0.161,0.774
LEACONM,32.961,-103.343,0.0,2.0,0.032,0.032
LEWISMT,46.586,-112.037,0.0,2.0,0.032,0.367
LEWISNY,43.778,-75.5,0.0,2.0,0.065,0.065
LEXINSC,33.979,-81.251,3.742,2.0,0.4,9.5
LIMESTX,31.525,-96.511,0.0,2.0,0.032,433.467
LINCOMO,38.972,-90.963,12.194,3.5,0.29,35.233
LINNCOR,44.63,-123.097,0.0,2.0,0.032,0.143
LINNJIA,41.975,-91.669,1.387,2.0,1.387,23.452
LIVINNY,42.802,-77.816,0.0,2.0,0.067,0.067
LKLNDLA,31.309,-92.409,0.0,2.0,0.033,1.0
LLUMCCA,34.047,-117.262,0.0,2.0,0.032,0.032
LONPDAR,34.784,-91.902,1.677,2.0,0.258,9.097
LOSCJCA,34.059,-118.231,0.032,2.0,0.032,40.839
LOSHOLD,34.054,-118.24,40.548,3.5,37.733,214.968
LOUCOVA,39.075,-77.545,0.0,2.0,0.032,0.161
LOUHOLD,38.253,-85.761,0.516,2.0,0.032,2.258
LOYMCIL,41.86,-87.835,0.0,2.0,0.033,0.581
LRAHOLD,34.724,-92.308,0.097,2.0,0.032,0.71
LRDHOLD,27.529,-99.448,12.419,3.5,10.933,32.645
LRDICDF,27.529,-99.448,301.935,6.0,139.867,404.967
LRKNHFL,25.706,-80.291,5.419,2.0,0.097,13.839
LSFHOLD,26.076,-97.512,7.645,2.0,1.0,133.129
LSHOSMA,42.3,-71.102,0.0,2.0,0.032,1.0
LSRDCTX,28.046,-99.336,0.0,2.0,0.484,340.387
LUBBOTX,33.585,-101.844,0.194,2.0,0.097,5.258
LUNCONM,32.277,-107.737,0.0,2.0,0.033,0.516
LVGHOLD,36.076,-115.102,1.387,2.0,1.233,16.333
MABSHOS,41.947,-70.952,1.0,2.0,0.032,2.613
MACCOMI,42.617,-82.889,0.0,2.0,0.032,10.929
MADISID,43.823,-111.792,0.0,2.0,0.065,2.258
MADISNY,43.081,-75.703,0.0,2.0,0.065,11.323
MAHONOH,41.104,-80.655,0.0,2.0,0.133,46.194
MANHOLD,42.998,-71.466,0.452,2.0,0.033,2.767
MAPLEOH,41.415,-81.565,0.0,2.0,2.6,22.29
MARICOR,44.897,-122.96,0.0,2.0,0.033,0.033
MARIOIN,39.766,-86.153,1.484,2.0,0.9,15.065
MARSHIA,42.01,-93.06,19.194,3.5,0.581,41.032
MARTIFL,27.17,-80.243,0.0,2.0,0.036,0.071
MARTNTX,32.131,-101.791,0.0,2.0,0.032,0.032
MATEWKS,42.613,-71.236,0.0,2.0,0.194,1.0
MATSHOS,41.901,-71.089,0.0,2.0,0.032,1.0
MAVERTX,28.797,-100.215,0.0,2.0,0.032,1.533
MCCDCTX,31.558,-97.134,0.0,2.0,0.032,1.194
MCCLETX,31.557,-97.134,0.0,2.0,0.032,0.774
MCFAJAZ,33.446,-112.078,0.0,2.0,0.032,10.267
MCHENIL,42.341,-88.44,155.968,6.0,141.774,366.903
MCMEDAZ,33.447,-112.06,0.0,2.0,0.032,0.767
MEADESD,44.414,-103.516,0.0,2.0,0.032,0.067
MECKLNC,35.263,-80.854,1.226,2.0,0.065,137.267
MEDHOLD,42.326,-122.877,0.0,2.0,0.032,1.7
MEMHOLD,35.156,-89.881,0.097,2.0,0.032,4.677
MESJACO,39.069,-108.574,0.0,2.0,0.032,6.581
METROFL,25.715,-80.336,0.0,2.0,0.032,0.032
MEYTHCT,43.639,-70.309,0.0,2.0,0.032,0.3
MGAHOLD,32.374,-86.305,0.0,2.0,0.933,0.933
MIAHOLD,25.92,-80.155,0.0,2.0,0.032,8.967
MIDBIMA,42.369,-71.079,0.0,2.0,0.194,0.194
MIDDLNJ,40.421,-74.489,0.0,2.0,0.032,171.677
MIDLATX,31.994,-102.075,0.0,2.0,0.032,0.258
MILHOLD,43.047,-87.908,1.871,2.0,0.032,3.5
MILLRAR,33.401,-94.022,0.452,2.0,0.355,24.806
MINERMT,47.193,-114.89,0.0,2.0,0.267,0.267
MINICID,42.535,-113.791,3.935,2.0,0.097,15.065
MINNESD,43.553,-96.73,0.0,2.0,1.806,19.839
MISCOMO,36.924,-89.352,9.903,2.0,3.452,54.29
MISSOMT,46.883,-114.027,0.0,2.0,0.033,0.516
MIWPRPH,42.294,-83.346,0.0,2.0,0.429,1.0
MLDHOLD,31.994,-102.075,0.129,2.0,0.129,1.179
MNCOAKC,45.025,-92.802,0.0,2.0,0.161,0.161
MNROEMI,41.914,-83.397,0.161,2.0,0.032,0.645
MNTGMAL,32.382,-86.298,1.161,2.0,0.29,4.933
MOFFECO,40.512,-107.567,0.129,2.0,0.065,17.194
MOHAVAZ,35.193,-114.052,0.0,2.0,0.065,0.065
MONCJAL,32.352,-86.287,0.0,2.0,0.032,4.533
MONMONJ,40.268,-74.287,0.0,2.0,0.516,340.355
MONROFL,24.577,-81.751,42.387,3.5,1.733,98.0
MONROMI,41.896,-83.393,56.226,3.5,48.065,110.871
MONRONY,43.152,-77.614,0.0,2.0,0.033,1.548
MONTGAL,32.374,-86.305,0.0,2.0,0.032,0.033
MONTGMO,38.98,-91.505,13.484,3.5,10.867,53.71
MONTGNY,42.953,-74.376,0.0,2.0,0.065,0.065
MONTGPA,40.159,-75.423,3.387,2.0,0.129,5.935
MONTGTX,30.336,-95.453,756.935,9.0,230.129,1065.133
MORGACO,40.252,-103.789,0.0,2.0,0.032,0.581
MORGNMO,38.432,-92.84,23.194,3.5,15.933,66.333
MOROWOH,40.551,-82.845,26.839,3.5,7.097,72.839
MOUNTND,48.321,-102.391,0.0,2.0,0.033,1.258
MPSIPAN,15.158,145.707,0.0,2.0,0.484,18.867
MSF,25.779,-80.193,7.871,2.0,0.935,22.71
MSKGNMI,43.235,-86.244,0.0,2.0,0.067,0.067
MTPPDCA,34.059,-118.126,0.0,2.0,0.032,22.643
MULTNOR,45.563,-122.544,0.0,2.0,0.032,0.032
MUSIKCA,33.664,-117.699,234.935,6.0,19.71,363.71
MUSSEMT,46.45,-108.542,0.0,2.0,0.065,0.968
NASSAFL,30.611,-81.631,0.0,2.0,1.129,15.419
NASSANY,40.732,-73.554,0.0,2.0,0.032,0.433
NATROWY,42.863,-106.346,0.516,2.0,0.065,4.29
NAVSOAZ,34.87,-110.156,0.0,2.0,0.036,2.433
NBRMCFL,26.277,-80.122,0.0,2.0,0.032,0.933
NEJUVNE,41.843,-97.458,0.0,2.0,0.065,0.065
NEWHOLD,40.73,-74.174,0.548,2.0,0.032,3.267
NGDCTGA,34.295,-83.825,0.0,2.0,0.774,440.452
NHSPCON,43.232,-71.56,0.0,2.0,0.033,0.267
NIAGANY,43.18,-78.737,0.0,2.0,0.065,3.065
NIOBRWY,42.761,-104.451,0.0,2.0,0.065,0.065
NOBLEMN,43.648,-95.59,1.226,2.0,0.133,8.129
NOJUVOR,45.613,-121.201,0.0,2.0,0.032,9.613
NOLHOLD,29.948,-90.078,0.0,2.0,0.033,0.065
NOLVGNV,36.202,-115.119,0.0,2.0,0.033,163.267
NORCOOR,45.613,-121.201,5.29,2.0,0.677,33.806
NORFOMA,42.26,-71.209,2.161,2.0,0.933,59.129
NORHOLD,36.876,-76.223,1.581,2.0,0.032,3.0
NRPHOLD,41.135,-100.761,0.0,2.0,0.032,0.679
NSVHOLD,36.168,-86.779,0.0,2.0,1.1,1.1
NWHNVNC,34.356,-77.9,0.742,2.0,0.467,3.0
NWREGVA,39.199,-78.144,0.0,2.0,0.032,21.129
NYBUFFC,42.932,-78.543,0.0,2.0,0.065,0.065
NYCHOLD,40.634,-73.931,2.226,2.0,1.433,22.871
OAK,30.832,-92.637,0.0,2.0,0.355,1.0
OAKHOLD,30.831,-92.65,0.065,2.0,0.032,0.71
OCCWJCA,33.749,-117.878,0.0,2.0,0.067,0.097
OCIRCCA,33.749,-117.878,1.129,2.0,0.032,26.433
ODESSTX,31.846,-102.369,0.0,2.0,0.097,0.097
OGUHOLD,41.221,-112.019,0.419,2.0,0.233,2.033
OKANOWA,48.365,-119.582,0.0,2.0,0.032,6.032
OKCHOLD,35.424,-97.598,2.194,2.0,0.143,4.233
OMAHOLD,41.282,-95.899,2.677,2.0,0.032,3.833
ONECONY,43.156,-75.377,0.0,2.0,0.065,1.097
ONONDNY,43.046,-76.146,0.0,2.0,0.065,12.133
ONTARNY,42.881,-77.213,0.0,2.0,0.032,8.067
ORANGFL,28.506,-81.414,1.29,2.0,0.267,12.0
ORANGNY,41.405,-74.359,106.548,6.0,89.774,135.3
ORLEANY,43.246,-78.193,0.0,2.0,0.033,0.065
ORLHOLD,28.428,-81.333,2.806,2.0,1.0,11.3
ORPARLA,29.959,-90.094,0.0,2.0,0.032,92.452
OSAHOKS,38.514,-94.94,0.0,2.0,0.065,0.065
OTEROCO,37.987,-103.54,0.0,2.0,0.032,0.032
OTERONM,32.901,-105.96,0.161,2.0,0.032,5.679
OTROPNM,32.079,-106.278,0.0,2.0,0.032,403.433
OTRPCNM,32.08,-106.282,887.774,9.0,621.581,1009.097
PALMBFL,26.67,-80.093,0.0,2.0,8.645,27.143
PAMREVA,37.76,-77.354,0.0,2.0,0.097,76.065
PARKCMT,45.663,-110.556,0.0,2.0,0.065,0.129
PARKCWY,44.526,-109.066,0.0,2.0,0.032,0.036
PARKJCO,39.224,-105.989,0.0,2.0,0.067,166.258
PASADCA,34.149,-118.145,0.0,2.0,0.032,42.484
PASSANJ,40.913,-74.173,0.0,2.0,0.033,0.033
PAVHRPR,18.419,-66.056,0.0,2.0,0.032,0.032
PCSHOLD,31.423,-103.493,34.516,3.5,4.433,42.065
PDNHOLD,31.75,-106.486,0.0,2.0,0.033,2.871
PECOSTX,31.308,-103.787,0.0,2.0,0.032,0.2
PEMBIND,48.791,-97.626,0.0,2.0,0.033,0.355
PENDOWA,48.178,-117.059,0.0,2.0,0.129,0.233
PENNISD,44.079,-103.222,0.677,2.0,0.065,3.367
PENOBME,44.802,-68.773,0.0,2.0,0.032,0.677
PERRYAL,32.45,-87.492,0.0,2.0,0.226,386.548
PHELPNE,40.44,-99.371,4.419,2.0,2.033,38.133
PHIHOLD,39.96,-75.166,1.194,2.0,1.194,9.0
PHILLMT,48.357,-107.879,0.0,2.0,0.067,0.067
PHOHOLD,33.471,-112.073,33.258,3.5,30.633,92.5
PIC,26.155,-97.338,1291.355,12.0,325.419,1525.194
PIKCOPA,41.389,-75.071,100.29,6.0,100.29,203.871
PIMAJAZ,32.201,-110.995,0.0,2.0,0.032,0.161
PINALAZ,33.041,-111.376,0.0,2.0,0.032,597.032
PINELFL,27.903,-82.705,0.323,2.0,0.323,15.267
PISCAME,45.183,-69.224,0.0,2.0,0.065,1.067
PLATTMO,39.371,-94.78,0.065,2.0,0.065,8.133
PLATTWY,42.056,-104.952,0.065,2.0,0.065,3.533
PLYMOMA,41.931,-70.651,84.71,3.5,56.6,359.355
PMHOSFL,25.886,-80.326,3.484,2.0,0.032,3.484
PMREGVA,37.324,-78.429,0.0,2.0,0.065,312.645
POLKCTX,30.698,-95.006,218.194,6.0,218.194,973.733
POLKJIA,41.654,-93.588,0.677,2.0,0.267,69.533
POMHOLD,43.671,-70.284,0.0,2.0,0.032,0.645
POMONCA,34.054,-117.754,0.0,2.0,0.107,11.321
PONDEMT,48.169,-111.948,0.0,2.0,0.033,0.516
POOHOLD,45.515,-122.676,2.935,2.0,2.633,13.3
POTTAIA,41.284,-95.865,14.129,3.5,2.968,56.839
PRESITX,30.314,-104.021,0.0,2.0,0.034,0.067
PROWECO,38.086,-102.618,0.0,2.0,0.032,0.2
PRUHOLD,40.149,-111.66,0.258,2.0,0.1,0.645
PRVEGAL,18.413,-66.323,0.0,2.0,0.032,0.033
PRYCOAL,32.634,-87.318,0.0,2.0,0.033,0.033
PTISBTX,26.074,-97.21,0.0,2.0,0.033,0.033
PUEBLCO,38.275,-104.611,0.0,2.0,0.065,1.433
PUEHOLD,38.427,-105.116,0.677,2.0,0.645,2.839
PWHOSFL,26.684,-80.251,0.0,2.0,0.032,0.429
PWILLVA,38.752,-77.48,0.0,2.0,0.032,2.355
QLTYSCA,32.556,-116.942,2.935,2.0,1.1,25.333
QUEHONY,40.713,-73.826,0.0,2.0,0.032,0.032
RAADCMN,44.956,-93.086,8.935,2.0,4.333,84.0
RAPPSVA,38.405,-77.419,128.323,6.0,14.643,318.774
RCKISIL,41.509,-90.581,0.0,2.0,0.258,0.258
RCMHOLD,37.543,-77.434,2.226,2.0,0.452,11.194
RDUHOLD,35.79,-78.78,1.355,2.0,1.267,6.419
REDETTX,31.399,-103.511,0.0,2.0,0.032,1.433
REHOSIL,41.865,-87.828,0.0,2.0,0.1,1.806
REJAITX,31.391,-103.533,0.0,2.0,0.032,6.613
REJUVTX,31.4,-103.491,0.0,2.0,0.032,0.032
RENHOLD,39.571,-119.811,0.0,2.0,0.032,0.226
RGHOSTX,26.159,-97.708,0.032,2.0,0.032,0.036
RGRNDTX,27.379,-99.489,490.29,6.0,388.871,631.968
RGS,26.157,-97.351,1.258,2.0,0.033,296.452
RICECKS,38.348,-98.206,0.0,2.0,0.833,36.933
RICHMVA,37.547,-77.423,0.0,2.0,0.032,0.452
RIIHOLD,41.509,-90.581,0.484,2.0,0.2,1.645
RIOCCCA,38.306,-121.421,138.129,6.0,0.065,261.258
RIVERCA,33.978,-117.374,0.0,2.0,0.032,0.065
RNDLLTX,35.117,-101.868,1.452,2.0,1.033,98.484
ROANOVA,37.294,-80.054,0.0,2.0,0.032,0.387
ROBERSD,45.664,-97.047,0.0,2.0,0.065,0.103
ROCKIIL,41.509,-90.581,1.0,2.0,0.067,7.935
ROCKINH,43.014,-71.051,0.0,2.0,0.032,0.433
ROCKIVA,38.449,-78.871,0.581,2.0,0.032,1.839
RONKEVA,37.271,-79.947,0.581,2.0,0.065,2.9
ROSEAMN,48.841,-95.766,0.0,2.0,0.067,0.286
ROSEBMT,46.266,-106.674,0.0,2.0,0.065,0.645
ROUTTCO,40.502,-106.861,0.0,2.0,0.067,0.067
RPCHOLD,44.101,-103.267,0.032,2.0,0.032,0.613
RRFINWA,47.451,-122.295,0.0,2.0,0.032,1.387
RSREGVA,37.307,-77.341,0.0,2.0,0.033,106.774
SAAHOLD,33.748,-117.875,11.871,3.5,11.871,56.645
SACHOLD,38.578,-121.5,5.742,2.0,4.643,20.871
SACITCA,33.75,-117.88,120.677,6.0,15.786,232.355
SACRACA,38.583,-121.498,0.0,2.0,0.032,185.806
SAIHOLD,15.157,145.703,0.032,2.0,0.032,0.167
SAJHOLD,18.408,-66.107,0.258,2.0,0.065,31.161
SAMBCMI,42.391,-82.982,0.0,2.0,0.161,0.5
SANANCA,33.75,-117.88,0.0,2.0,1.677,185.871
SANDONM,35.321,-106.571,0.0,2.0,0.258,1.0
SANJAIL,39.8,-89.643,0.065,2.0,0.065,4.467
SANMINM,35.559,-105.228,0.0,2.0,0.032,0.032
SARJUNE,41.141,-96.039,0.0,2.0,0.032,0.258
SARPYNE,41.141,-96.042,0.0,2.0,0.071,0.1
SBDHOLD,34.101,-117.297,8.194,2.0,0.065,29.967
SBERNCA,34.102,-117.274,0.0,2.0,0.032,24.484
SBNTOTX,26.154,-97.644,0.0,2.0,0.032,0.033
SCNORCA,37.351,-121.906,0.0,2.0,0.032,188.419
SCOTTMO,37.096,-89.565,0.0,2.0,0.067,17.839
SCOTTNE,41.826,-103.661,0.0,2.0,0.226,1.71
SCRUZAZ,31.355,-110.928,0.0,2.0,0.032,0.567
SDHOSCA,32.619,-117.022,1.323,2.0,0.161,7.857
SDPROCA,32.75,-117.129,0.0,2.0,0.032,0.065
SEAHOLD,47.49,-122.291,1.419,2.0,1.419,12.633
SEBASAR,35.383,-94.425,0.903,2.0,0.903,13.645
SENECNY,42.15,-77.063,0.0,2.0,0.065,0.2
SENECOH,41.079,-83.154,51.839,3.5,28.323,145.613
SFCORNM,35.562,-106.054,0.0,2.0,0.097,0.097
SFDHOLD,43.55,-96.723,0.129,2.0,0.067,2.065
SFRHOLD,37.796,-122.401,8.161,2.0,6.3,32.7
SGUHOLD,37.113,-113.58,0.032,2.0,0.032,0.067
SHACOKS,39.047,-95.669,0.226,2.0,0.065,14.2
SHAJUKS,39.04,-95.636,0.0,2.0,0.032,0.6
SHECOVA,38.882,-78.506,0.0,2.0,0.065,0.516
SHERBMN,45.305,-93.619,89.032,3.5,83.0,167.097
SHERIMT,48.778,-104.556,0.065,2.0,0.033,1.032
SHERIWY,44.816,-106.957,0.0,2.0,0.129,0.129
SILBOMT,46.015,-112.539,0.0,2.0,0.067,0.067
SILERTN,35.052,-85.132,0.0,2.0,0.033,0.033
SITKAAK,57.053,-135.334,0.0,2.0,0.032,0.067
SJS,38.795,-106.535,1.516,2.0,0.3,13.226
SJUANNM,36.826,-108.022,0.0,2.0,0.032,0.032
SJUANTX,26.218,-98.15,0.0,2.0,0.032,0.033
SLCHOLD,40.695,-111.96,2.065,2.0,0.032,4.571
SLJUVCA,35.321,-120.719,0.0,2.0,0.033,0.033
SLRDCAZ,32.484,-114.685,1.355,2.0,0.033,212.1
SLSLCUT,40.697,-111.916,0.0,2.0,0.032,6.536
SMARYMD,38.303,-76.628,0.0,2.0,0.065,8.065
SNAHOLD,29.523,-98.391,8.935,2.0,0.29,18.742
SNDCOCA,32.59,-116.92,0.0,2.0,0.032,0.103
SNDHOLD,32.717,-117.165,52.581,3.5,21.6,86.903
SNJHOLD,37.308,-121.868,1.548,2.0,0.033,8.267
SOBAYCA,32.633,-117.078,0.0,2.0,0.032,1.194
SOLONOH,41.388,-81.444,0.0,2.0,0.065,5.9
SOMERME,44.793,-69.727,0.0,2.0,0.032,0.032
SOUTECO,37.134,-107.633,0.0,2.0,0.29,1.733
SPGHOLD,37.252,-93.168,0.032,2.0,0.032,0.29
SPHOSCA,33.738,-118.305,0.0,2.0,0.033,1.355
SPMHOLD,44.86,-93.23,3.903,2.0,0.323,9.161
SPRNGOR,44.047,-123.021,0.0,2.0,0.067,0.258
SRJDFID,42.544,-114.433,0.0,2.0,0.065,0.2
SSMHOLD,46.463,-84.372,0.0,2.0,0.032,0.071
STAHOLD,44.801,-73.073,0.419,2.0,0.033,0.821
STCDFTX,28.895,-99.121,1662.871,15.0,1364.839,1883.581
STCLAMI,42.942,-82.479,65.548,3.5,12.065,72.806
STCROWI,44.982,-92.723,0.0,2.0,0.033,0.033
STDHOLD,28.897,-99.119,1.0,2.0,0.033,56.484
STEUBNY,42.35,-77.296,0.0,2.0,0.032,0.645
STEVEWA,48.543,-117.903,0.0,2.0,0.065,0.097
STFRCTX,28.658,-99.2,41.806,3.5,41.806,41.806
STJOSAZ,33.482,-112.081,0.0,2.0,0.032,0.355
STJOSCA,33.781,-117.864,0.0,2.0,0.032,0.806
STK,37.951,-121.29,0.484,2.0,0.419,10.0
STLAWNY,44.599,-75.169,0.0,2.0,0.133,0.133
STLHOLD,38.624,-90.2,0.032,2.0,0.032,0.5
STMARAZ,32.227,-111.0,0.0,2.0,0.129,0.129
STMARCA,34.542,-117.266,0.0,2.0,0.548,0.548
STMRYIL,41.903,-87.684,0.0,2.0,0.065,0.567
STOPDIL,41.901,-87.883,0.0,2.0,0.032,0.567
STRAFNH,43.218,-70.94,24.613,3.5,2.258,63.032
STTAMLA,30.493,-90.106,5.452,2.0,3.167,12.258
STTCJVI,38.795,-106.535,0.0,2.0,0.032,1.71
STUTSND,46.904,-98.706,0.0,2.0,0.032,0.69
STWRTGA,32.037,-84.772,1360.903,12.0,1168.774,1954.533
SUFFOMA,42.334,-71.068,146.258,6.0,143.161,290.871
SUMMIUT,40.723,-111.482,0.0,2.0,0.065,5.71
SUNNYWA,46.328,-120.024,0.0,2.0,0.067,0.29
SUSSEDE,38.66,-75.37,0.0,2.0,0.032,0.034
SUSSENJ,41.057,-74.759,0.0,2.0,0.032,32.323
SWEETWY,41.598,-109.241,0.0,2.0,0.032,3.097
SXCHOLD,42.505,-96.405,0.226,2.0,0.226,2.167
TAMHOLD,27.959,-82.372,0.645,2.0,0.645,10.419
TAYLOTX,32.417,-99.735,0.0,2.0,0.065,0.065
TELLECO,38.943,-105.151,1.129,2.0,0.065,74.5
TEMPLCA,34.049,-118.234,0.032,2.0,0.032,1.0
TENSALA,31.809,-91.397,53.677,3.5,39.3,472.774
TETONWY,43.478,-110.76,0.226,2.0,0.032,1.8
TFALLID,42.559,-114.467,0.0,2.0,0.065,18.433
TGREETX,31.464,-100.44,0.0,2.0,0.033,0.452
TIOGANY,42.142,-76.266,0.0,2.0,0.065,0.267
TLACYCA,33.783,-117.888,196.774,6.0,15.613,628.0
TNWESDF,35.407,-89.549,8.774,2.0,3.806,221.433
TOOLEMT,48.507,-111.856,0.0,2.0,0.032,2.0
TOORANM,34.758,-106.056,0.032,2.0,0.032,147.484
TRAVITX,30.273,-97.746,0.0,2.0,0.032,0.033
TRICOIL,37.269,-89.164,144.806,6.0,144.806,256.167
TUCHOLD,32.136,-110.925,5.355,2.0,5.355,27.097
TULCOOK,36.157,-96.001,127.871,6.0,97.129,197.667
TXAHOLD,33.42,-94.042,0.0,2.0,0.032,0.2
TXHUNTS,30.626,-95.528,0.0,2.0,0.032,0.032
UINTAWY,41.269,-110.921,0.0,2.0,0.133,0.133
UINTCUT,40.457,-109.525,0.0,2.0,0.032,0.267
UMATCOR,45.674,-118.843,0.161,2.0,0.065,7.548
UNIONNM,36.449,-103.189,0.0,2.0,0.903,4.839
UNIONSD,42.686,-96.683,0.0,2.0,0.032,0.032
UPSTANY,43.042,-76.14,0.0,2.0,0.194,0.194
USMS2TX,29.765,-95.358,0.0,2.0,0.032,0.032
USMSDFL,25.778,-80.195,0.0,2.0,0.1,1.633
USMVT,,,0.0,2.0,0.821,6.0
UTAHCUT,40.149,-111.659,145.774,6.0,82.667,288.133
VALJUTX,29.361,-100.903,0.0,2.0,0.032,0.581
VALVETX,29.373,-100.848,22.484,3.5,2.75,142.467
VBHOSTX,26.174,-97.67,1.194,2.0,0.067,4.516
VENHOLD,34.206,-119.077,2.484,2.0,1.8,16.581
VENTUCA,34.268,-119.211,0.065,2.0,0.032,1.067
VIRBEVA,36.753,-76.061,0.0,2.0,0.033,46.806
VISTACA,33.192,-117.256,0.0,2.0,0.097,0.323
VNBRNMI,42.232,-83.494,0.0,2.0,0.286,1.0
VPREGVA,37.216,-76.603,13.71,3.5,0.032,13.71
VRK,40.728,-74.006,9.0,2.0,9.0,282.226
VTCHTDN,44.446,-73.205,0.161,2.0,0.033,0.69
VTDCORR,44.332,-72.755,0.0,2.0,0.033,6.613
VTSTALB,44.85,-73.133,0.839,2.0,0.032,2.419
VVGMCCA,34.528,-117.293,0.419,2.0,0.1,0.419
VVSHOLD,32.514,-93.749,0.258,2.0,0.065,0.258
WACLATX,29.423,-98.497,0.806,2.0,0.067,41.065
WAKECNC,35.776,-78.641,2.355,2.0,1.567,23.774
WAKULFL,30.197,-84.377,67.613,3.5,48.613,146.533
WALSHND,48.418,-97.405,0.0,2.0,0.032,0.065
WALWOWI,42.663,-88.5,0.0,2.0,0.129,0.355
WARCOTX,31.592,-102.889,0.0,2.0,0.032,0.032
WARDCND,48.233,-101.288,0.0,2.0,0.033,0.033
WASATUT,40.49,-111.409,0.0,2.0,0.032,0.032
WASCONY,43.289,-73.589,0.065,2.0,0.065,6.633
WASHAWY,44.018,-107.955,0.0,2.0,0.033,0.033
WASHCUT,37.156,-113.41,5.516,2.0,1.179,33.645
WASHIAR,36.033,-94.177,0.0,2.0,2.733,21.129
WASHICO,40.157,-103.193,0.0,2.0,0.065,7.613
WASHIME,44.716,-67.459,0.0,2.0,0.032,0.161
WASHOLD,38.881,-77.233,12.065,3.5,0.968,31.742
WASHONV,39.571,-119.811,17.032,3.5,10.968,33.767
WASHTMI,42.256,-83.679,0.0,2.0,0.032,0.29
WAYNEMI,42.389,-83.043,0.0,2.0,8.0,75.097
WAYNENY,43.067,-77.032,0.0,2.0,0.452,30.548
WBATOLA,30.501,-91.214,0.0,2.0,0.065,9.613
WCCBXTX,29.429,-98.508,0.0,2.0,0.032,1.033
WCCPBFL,26.277,-80.151,279.742,6.0,279.742,686.484
WCCSDCA,32.717,-117.165,0.0,2.0,0.2,0.2
WCRDFTX,26.471,-97.758,13.032,3.5,4.8,45.968
WCTHOLD,31.553,-97.133,1.323,2.0,0.167,5.032
WEBERUT,41.24,-111.993,0.0,2.0,0.536,123.129
WESHOLD,33.758,-117.987,0.0,2.0,0.032,298.5
WHITFGA,34.794,-84.98,0.452,2.0,0.129,10.065
WICHOLD,37.691,-97.34,0.0,2.0,0.033,1.194
WIDODGE,43.624,-88.74,0.0,2.0,0.032,2.0
WILLCTX,26.47,-97.759,0.0,2.0,11.065,1614.867
WILLITN,35.9,-86.885,0.0,2.0,0.071,0.548
WILLITX,30.639,-97.679,0.0,2.0,0.484,0.484
WINCOTX,31.841,-103.089,0.0,2.0,0.032,0.033
WMHOSCA,34.049,-118.218,0.0,2.0,0.032,1.567
WMLNDPA,40.303,-79.545,0.0,2.0,0.065,0.567
WOAKSTX,29.715,-95.438,0.0,2.0,0.065,2.833
WORCEMD,38.17,-75.376,127.581,6.0,62.258,195.867
WSTMCCA,33.754,-117.833,0.29,2.0,0.032,3.69
WTREGVA,36.765,-76.582,0.0,2.0,0.032,0.484
WTXDFTX,31.166,-105.352,40.839,3.5,0.032,510.4
WVEASTR,39.436,-77.956,0.129,2.0,0.033,3.467
WVNORTH,39.908,-80.731,0.0,2.0,0.065,1.032
WVREGWV,38.351,-81.639,0.0,2.0,0.097,0.129
WVSCENT,38.311,-81.71,3.065,2.0,1.484,19.667
WYATTRI,41.892,-71.384,0.0,2.0,0.032,185.71
YAKHOLD,46.618,-120.559,1.548,2.0,0.032,8.161
YATESNY,42.666,-77.055,0.0,2.0,0.033,0.267
YAVAPAZ,34.541,-112.466,0.0,2.0,0.032,6.129
YAVCVAZ,34.611,-111.918,0.161,2.0,0.032,17.548
YELLOMT,45.756,-108.501,0.0,2.0,0.065,4.613
YIKIMWA,46.604,-120.508,4.387,2.0,0.29,30.968
YORCOPA,39.987,-76.661,545.71,9.0,545.71,906.964
YORCOSC,34.982,-81.2,27.194,3.5,0.484,67.194
YORKCME,43.454,-70.718,0.0,2.0,0.032,0.9
YUBAJCA,39.141,-121.587,177.226,6.0,163.821,272.5
YUMHOLD,32.657,-114.612,3.806,2.0,0.387,7.742
ZAVCOTX,28.679,-99.827,0.0,2.0,0.067,0.067
