Date,Midnight population,24-hour population,Midnight population count,24-hour population count
2008-10-01,-1.0,-1.0,27,29
2008-10-02,-1.0,-1.0,28,28
2008-10-03,-1.0,-1.0,29,29
2008-10-04,-1.0,-1.0,29,29
2008-10-05,-1.0,-1.0,29,29
2008-10-06,-1.0,-1.0,29,31
2008-10-07,-1.0,-1.0,29,29
2008-10-08,-1.0,-1.0,30,30
2008-10-09,-1.0,-1.0,32,32
2008-10-10,-1.0,-1.0,28,33
2008-10-11,-1.0,-1.0,28,28
2008-10-12,-1.0,-1.0,28,28
2008-10-13,-1.0,-1.0,28,28
2008-10-14,-1.0,-1.0,28,31
2008-10-15,-1.0,-1.0,27,30
2008-10-16,-1.0,-1.0,28,28
2008-10-17,-1.0,-1.0,32,32
2008-10-18,-1.0,-1.0,32,32
2008-10-19,-1.0,-1.0,32,32
2008-10-20,-1.0,-1.0,31,34
2008-10-21,-1.0,-1.0,34,34
2008-10-22,-1.0,-1.0,36,38
2008-10-23,-1.0,-1.0,33,40
2008-10-24,-1.0,-1.0,32,37
2008-10-25,-1.0,-1.0,32,32
2008-10-26,-1.0,-1.0,32,32
2008-10-27,-1.0,-1.0,30,32
2008-10-28,-1.0,-1.0,27,31
2008-10-29,-1.0,-1.0,26,27
2008-10-30,30.0,31.0,28,29
2008-10-31,30.0,31.0,28,29
2008-11-01,30.0,31.0,28,28
2008-11-02,30.0,31.0,28,28
2008-11-03,30.0,31.0,29,32
2008-11-04,30.0,31.0,28,33
2008-11-05,30.0,31.0,28,30
2008-11-06,30.0,31.0,26,29
2008-11-07,29.0,31.0,25,28
2008-11-08,29.0,31.0,25,25
2008-11-09,29.0,31.0,25,25
2008-11-10,29.0,31.0,26,26
2008-11-11,29.0,31.0,26,26
2008-11-12,29.0,31.0,29,29
2008-11-13,29.0,31.0,28,31
2008-11-14,29.0,31.0,25,28
2008-11-15,29.0,30.0,25,25
2008-11-16,29.0,30.0,25,25
2008-11-17,28.0,30.0,24,26
2008-11-18,28.0,30.0,24,27
2008-11-19,28.0,30.0,23,25
2008-11-20,28.0,29.0,25,25
2008-11-21,27.0,29.0,23,27
2008-11-22,27.0,28.0,23,23
2008-11-23,26.0,28.0,23,23
2008-11-24,26.0,28.0,24,26
2008-11-25,26.0,28.0,27,29
2008-11-26,26.0,27.0,26,28
2008-11-27,26.0,27.0,26,26
2008-11-28,26.0,27.0,27,27
2008-11-29,26.0,27.0,27,27
2008-11-30,26.0,27.0,27,27
2008-12-01,26.0,27.0,29,29
2008-12-02,26.0,27.0,26,31
2008-12-03,26.0,27.0,25,27
2008-12-04,26.0,27.0,26,27
2008-12-05,26.0,27.0,25,27
2008-12-06,25.0,27.0,25,25
2008-12-07,25.0,27.0,25,25
2008-12-08,25.0,27.0,24,25
2008-12-09,25.0,27.0,21,25
2008-12-10,25.0,26.0,19,21
2008-12-11,25.0,26.0,21,22
2008-12-12,25.0,26.0,23,23
2008-12-13,25.0,26.0,23,23
2008-12-14,24.0,26.0,23,23
2008-12-15,24.0,26.0,23,24
2008-12-16,24.0,26.0,25,26
2008-12-17,25.0,26.0,29,30
2008-12-18,25.0,26.0,33,34
2008-12-19,25.0,26.0,33,33
2008-12-20,25.0,27.0,33,33
2008-12-21,26.0,27.0,33,33
2008-12-22,26.0,27.0,40,40
2008-12-23,27.0,28.0,46,48
2008-12-24,28.0,29.0,49,51
2008-12-25,29.0,30.0,49,49
2008-12-26,29.0,30.0,49,49
2008-12-27,30.0,31.0,49,49
2008-12-28,31.0,32.0,49,49
2008-12-29,32.0,33.0,55,57
2008-12-30,33.0,34.0,52,58
2008-12-31,34.0,35.0,56,56
2009-01-01,35.0,36.0,56,56
2009-01-02,36.0,37.0,55,57
2009-01-03,37.0,38.0,55,55
2009-01-04,38.0,38.0,55,55
2009-01-05,39.0,40.0,56,56
2009-01-06,40.0,41.0,57,57
2009-01-07,41.0,42.0,57,59
2009-01-08,42.0,43.0,50,57
2009-01-09,43.0,44.0,48,50
2009-01-10,44.0,45.0,47,48
2009-01-11,44.0,45.0,47,47
2009-01-12,45.0,46.0,43,47
2009-01-13,46.0,47.0,41,45
2009-01-14,46.0,48.0,41,43
2009-01-15,47.0,48.0,37,42
2009-01-16,47.0,48.0,34,38
2009-01-17,47.0,48.0,34,34
2009-01-18,47.0,48.0,34,34
2009-01-19,47.0,48.0,34,34
2009-01-20,47.0,48.0,34,35
2009-01-21,47.0,48.0,33,36
2009-01-22,46.0,48.0,35,37
2009-01-23,46.0,48.0,35,37
2009-01-24,45.0,47.0,35,35
2009-01-25,45.0,47.0,35,35
2009-01-26,44.0,46.0,31,36
2009-01-27,44.0,46.0,38,40
2009-01-28,43.0,45.0,38,40
2009-01-29,43.0,45.0,31,42
2009-01-30,42.0,44.0,30,36
2009-01-31,41.0,43.0,30,30
2009-02-01,40.0,42.0,30,30
2009-02-02,39.0,42.0,30,32
2009-02-03,38.0,41.0,29,33
2009-02-04,38.0,40.0,30,33
2009-02-05,37.0,39.0,33,33
2009-02-06,36.0,38.0,29,34
2009-02-07,35.0,38.0,29,29
2009-02-08,35.0,37.0,29,29
2009-02-09,34.0,36.0,30,30
2009-02-10,33.0,36.0,30,32
2009-02-11,33.0,35.0,30,32
2009-02-12,32.0,35.0,26,31
2009-02-13,32.0,34.0,25,27
2009-02-14,32.0,34.0,25,25
2009-02-15,31.0,33.0,25,25
2009-02-16,31.0,33.0,25,25
2009-02-17,31.0,33.0,24,25
2009-02-18,30.0,32.0,23,24
2009-02-19,30.0,32.0,23,23
2009-02-20,30.0,32.0,24,28
2009-02-21,29.0,31.0,24,24
2009-02-22,29.0,31.0,24,24
2009-02-23,28.0,30.0,22,25
2009-02-24,28.0,30.0,23,25
2009-02-25,28.0,30.0,24,25
2009-02-26,27.0,29.0,28,32
2009-02-27,27.0,29.0,29,31
2009-02-28,27.0,29.0,29,29
2009-03-01,27.0,28.0,28,29
2009-03-02,27.0,28.0,23,28
2009-03-03,26.0,28.0,22,25
2009-03-04,26.0,28.0,22,22
2009-03-05,26.0,28.0,22,23
2009-03-06,26.0,27.0,20,22
2009-03-07,25.0,27.0,20,20
2009-03-08,25.0,26.0,20,20
2009-03-09,25.0,26.0,20,21
2009-03-10,24.0,26.0,19,20
2009-03-11,24.0,25.0,19,19
2009-03-12,24.0,25.0,23,23
2009-03-13,23.0,25.0,23,25
2009-03-14,23.0,25.0,23,23
2009-03-15,23.0,24.0,23,23
2009-03-16,23.0,24.0,23,24
2009-03-17,23.0,24.0,23,24
2009-03-18,23.0,24.0,25,27
2009-03-19,23.0,24.0,22,25
2009-03-20,23.0,24.0,24,24
2009-03-21,23.0,24.0,25,25
2009-03-22,23.0,24.0,25,25
2009-03-23,23.0,24.0,24,27
2009-03-24,23.0,25.0,25,26
2009-03-25,24.0,25.0,29,29
2009-03-26,24.0,25.0,28,32
2009-03-27,24.0,25.0,30,34
2009-03-28,24.0,25.0,30,30
2009-03-29,24.0,25.0,30,30
2009-03-30,24.0,25.0,26,30
2009-03-31,24.0,25.0,27,28
2009-04-01,24.0,25.0,25,28
2009-04-02,24.0,25.0,25,25
2009-04-03,24.0,25.0,25,27
2009-04-04,24.0,25.0,25,25
2009-04-05,24.0,25.0,25,25
2009-04-06,25.0,26.0,25,25
2009-04-07,25.0,26.0,24,27
2009-04-08,25.0,26.0,24,25
2009-04-09,25.0,26.0,24,24
2009-04-10,25.0,26.0,23,24
2009-04-11,25.0,26.0,23,23
2009-04-12,25.0,26.0,23,23
2009-04-13,25.0,26.0,23,23
2009-04-14,25.0,26.0,21,25
2009-04-15,25.0,26.0,19,22
2009-04-16,25.0,26.0,20,23
2009-04-17,25.0,26.0,18,22
2009-04-18,24.0,26.0,18,18
2009-04-19,24.0,26.0,18,18
2009-04-20,24.0,25.0,18,20
2009-04-21,24.0,25.0,17,18
2009-04-22,24.0,25.0,20,21
2009-04-23,23.0,25.0,20,20
2009-04-24,23.0,24.0,18,20
2009-04-25,23.0,24.0,18,18
2009-04-26,22.0,24.0,18,18
2009-04-27,22.0,23.0,16,19
2009-04-28,22.0,23.0,19,19
2009-04-29,21.0,22.0,17,19
2009-04-30,21.0,22.0,19,19
2009-05-01,21.0,22.0,17,19
2009-05-02,20.0,22.0,17,17
2009-05-03,20.0,21.0,17,17
2009-05-04,20.0,21.0,17,17
2009-05-05,20.0,21.0,16,18
2009-05-06,19.0,20.0,14,17
2009-05-07,19.0,20.0,14,14
2009-05-08,18.0,20.0,12,14
2009-05-09,18.0,19.0,12,12
2009-05-10,18.0,19.0,12,12
2009-05-11,17.0,18.0,10,12
2009-05-12,17.0,18.0,8,10
2009-05-13,16.0,18.0,8,8
2009-05-14,16.0,17.0,10,11
2009-05-15,16.0,17.0,9,10
2009-05-16,15.0,16.0,9,9
2009-05-17,15.0,16.0,9,9
2009-05-18,15.0,15.0,8,9
2009-05-19,14.0,15.0,5,10
2009-05-20,14.0,15.0,2,5
2009-05-21,13.0,14.0,2,2
2009-05-22,12.0,14.0,2,4
2009-05-23,12.0,13.0,2,2
2009-05-24,11.0,12.0,2,2
2009-05-25,11.0,12.0,2,2
2009-05-26,10.0,11.0,0,2
2009-05-27,10.0,11.0,0,0
2009-05-28,9.0,10.0,0,0
2009-05-29,8.0,9.0,0,0
2009-05-30,8.0,9.0,0,0
2009-05-31,7.0,8.0,0,0
2009-06-01,7.0,8.0,1,1
2009-06-02,6.0,7.0,0,1
2009-06-03,6.0,7.0,0,0
2009-06-04,5.0,6.0,0,0
2009-06-05,5.0,5.0,0,0
2009-06-06,4.0,5.0,0,0
2009-06-07,4.0,4.0,0,0
2009-06-08,3.0,4.0,1,1
2009-06-09,3.0,4.0,0,1
2009-06-10,3.0,3.0,0,0
2009-06-11,2.0,3.0,0,0
2009-06-12,2.0,3.0,0,0
2009-06-13,2.0,2.0,0,0
2009-06-14,2.0,2.0,0,0
2009-06-15,1.0,2.0,0,0
2009-06-16,1.0,1.0,0,0
2009-06-17,1.0,1.0,0,0
2009-06-18,0.0,1.0,0,0
2009-06-19,0.0,1.0,0,0
2009-06-20,0.0,1.0,0,0
2009-06-21,0.0,0.0,0,0
2009-06-22,0.0,0.0,0,0
2009-06-23,0.0,0.0,0,0
2009-06-24,0.0,0.0,0,0
2009-06-25,0.0,0.0,1,1
2009-06-26,0.0,0.0,1,1
2009-06-27,0.0,0.0,1,1
2009-06-28,0.0,0.0,1,1
2009-06-29,0.0,0.0,1,1
2009-06-30,0.0,0.0,0,1
2009-07-01,0.0,0.0,0,0
2009-07-02,0.0,0.0,0,0
2009-07-03,0.0,0.0,0,0
2009-07-04,0.0,0.0,0,0
2009-07-05,0.0,0.0,0,0
2009-07-06,0.0,0.0,1,1
2009-07-07,0.0,0.0,1,1
2009-07-08,0.0,0.0,1,1
2009-07-09,0.0,0.0,1,1
2009-07-10,0.0,0.0,1,1
2009-07-11,0.0,0.0,1,1
2009-07-12,0.0,0.0,1,1
2009-07-13,0.0,0.0,1,1
2009-07-14,0.0,0.0,0,1
2009-07-15,0.0,0.0,0,0
2009-07-16,0.0,0.0,0,0
2009-07-17,0.0,0.0,0,0
2009-07-18,0.0,0.0,0,0
2009-07-19,0.0,0.0,0,0
2009-07-20,0.0,0.0,0,0
2009-07-21,0.0,0.0,0,0
2009-07-22,0.0,0.0,0,0
2009-07-23,0.0,0.0,0,0
2009-07-24,0.0,0.0,0,0
2009-07-25,0.0,0.0,0,0
2009-07-26,0.0,0.0,0,0
2009-07-27,0.0,0.0,0,0
2009-07-28,0.0,0.0,0,0
2009-07-29,0.0,0.0,0,0
2009-07-30,0.0,0.0,0,0
2009-07-31,0.0,0.0,0,0
2009-08-01,0.0,0.0,0,0
2009-08-02,0.0,0.0,0,0
2009-08-03,0.0,0.0,0,0
2009-08-04,0.0,0.0,0,0
2009-08-05,0.0,0.0,0,0
2009-08-06,0.0,0.0,0,0
2009-08-07,0.0,0.0,0,0
2009-08-08,0.0,0.0,0,0
2009-08-09,0.0,0.0,0,0
2009-08-10,0.0,0.0,0,2
2009-08-11,0.0,0.0,0,0
2009-08-12,0.0,0.0,0,0
2009-08-13,0.0,0.0,0,0
2009-08-14,0.0,0.0,0,0
2009-08-15,0.0,0.0,0,0
2009-08-16,0.0,0.0,0,0
2009-08-17,0.0,0.0,0,0
2009-08-18,0.0,0.0,0,0
2009-08-19,0.0,0.0,0,0
2009-08-20,0.0,0.0,0,0
2009-08-21,0.0,0.0,0,0
2009-08-22,0.0,0.0,0,0
2009-08-23,0.0,0.0,0,0
2009-08-24,0.0,0.0,0,0
2009-08-25,0.0,0.0,0,0
2009-08-26,0.0,0.0,0,0
2009-08-27,0.0,0.0,0,0
2009-08-28,0.0,0.0,0,0
2009-08-29,0.0,0.0,0,0
2009-08-30,0.0,0.0,0,0
2009-08-31,0.0,0.0,0,0
2009-09-01,0.0,0.0,0,0
2009-09-02,0.0,0.0,0,0
2009-09-03,0.0,0.0,0,0
2009-09-04,0.0,0.0,0,0
2009-09-05,0.0,0.0,0,0
2009-09-06,0.0,0.0,0,0
2009-09-07,0.0,0.0,0,0
2009-09-08,0.0,0.0,0,0
2009-09-09,0.0,0.0,0,0
2009-09-10,0.0,0.0,0,0
2009-09-11,0.0,0.0,0,0
2009-09-12,0.0,0.0,0,0
2009-09-13,0.0,0.0,0,0
2009-09-14,0.0,0.0,0,0
2009-09-15,0.0,0.0,0,0
2009-09-16,0.0,0.0,0,0
2009-09-17,0.0,0.0,0,0
2009-09-18,0.0,0.0,0,0
2009-09-19,0.0,0.0,0,0
2009-09-20,0.0,0.0,0,0
2009-09-21,0.0,0.0,0,0
2009-09-22,0.0,0.0,0,0
2009-09-23,0.0,0.0,0,0
2009-09-24,0.0,0.0,0,0
2009-09-25,0.0,0.0,0,0
2009-09-26,0.0,0.0,0,0
2009-09-27,0.0,0.0,0,0
2009-09-28,0.0,0.0,0,0
2009-09-29,0.0,0.0,0,0
2009-09-30,0.0,0.0,0,0
2009-10-01,0.0,0.0,0,0
2009-10-02,0.0,0.0,0,0
2009-10-03,0.0,0.0,0,0
2009-10-04,0.0,0.0,0,0
2009-10-05,0.0,0.0,0,0
2009-10-06,0.0,0.0,0,0
2009-10-07,0.0,0.0,0,0
2009-10-08,0.0,0.0,0,0
2009-10-09,0.0,0.0,0,0
2009-10-10,0.0,0.0,0,0
2009-10-11,0.0,0.0,0,0
2009-10-12,0.0,0.0,0,0
2009-10-13,0.0,0.0,0,0
2009-10-14,0.0,0.0,0,0
2009-10-15,0.0,0.0,0,0
2009-10-16,0.0,0.0,0,0
2009-10-17,0.0,0.0,0,0
2009-10-18,0.0,0.0,0,0
2009-10-19,0.0,0.0,0,0
2009-10-20,0.0,0.0,0,0
2009-10-21,0.0,0.0,0,0
2009-10-22,0.0,0.0,0,0
2009-10-23,0.0,0.0,0,0
2009-10-24,0.0,0.0,0,0
2009-10-25,0.0,0.0,0,0
2009-10-26,0.0,0.0,0,0
2009-10-27,0.0,0.0,0,0
2009-10-28,0.0,0.0,0,0
2009-10-29,0.0,0.0,0,0
2009-10-30,0.0,0.0,0,0
2009-10-31,0.0,0.0,0,0
2009-11-01,0.0,0.0,0,0
2009-11-02,0.0,0.0,0,0
2009-11-03,0.0,0.0,0,0
2009-11-04,0.0,0.0,0,0
2009-11-05,0.0,0.0,0,0
2009-11-06,0.0,0.0,0,0
2009-11-07,0.0,0.0,0,0
2009-11-08,0.0,0.0,0,0
2009-11-09,0.0,0.0,0,0
2009-11-10,0.0,0.0,0,0
2009-11-11,0.0,0.0,0,0
2009-11-12,0.0,0.0,0,0
2009-11-13,0.0,0.0,0,0
2009-11-14,0.0,0.0,0,0
2009-11-15,0.0,0.0,0,0
2009-11-16,0.0,0.0,0,1
2009-11-17,0.0,0.0,0,0
2009-11-18,0.0,0.0,0,0
2009-11-19,0.0,0.0,0,0
2009-11-20,0.0,0.0,0,0
2009-11-21,0.0,0.0,0,0
2009-11-22,0.0,0.0,0,0
2009-11-23,0.0,0.0,0,0
2009-11-24,0.0,0.0,0,0
2009-11-25,0.0,0.0,0,0
2009-11-26,0.0,0.0,0,0
2009-11-27,0.0,0.0,0,0
2009-11-28,0.0,0.0,0,0
2009-11-29,0.0,0.0,0,0
2009-11-30,0.0,0.0,0,0
2009-12-01,0.0,0.0,0,0
2009-12-02,0.0,0.0,0,0
2009-12-03,0.0,0.0,0,0
2009-12-04,0.0,0.0,0,0
2009-12-05,0.0,0.0,0,0
2009-12-06,0.0,0.0,0,0
2009-12-07,0.0,0.0,0,0
2009-12-08,0.0,0.0,0,0
2009-12-09,0.0,0.0,0,0
2009-12-10,0.0,0.0,0,0
2009-12-11,0.0,0.0,0,0
2009-12-12,0.0,0.0,0,0
2009-12-13,0.0,0.0,0,0
2009-12-14,0.0,0.0,0,0
2009-12-15,0.0,0.0,0,0
2009-12-16,0.0,0.0,0,0
2009-12-17,0.0,0.0,0,0
2009-12-18,0.0,0.0,0,0
2009-12-19,0.0,0.0,0,0
2009-12-20,0.0,0.0,0,0
2009-12-21,0.0,0.0,0,0
2009-12-22,0.0,0.0,0,0
2009-12-23,0.0,0.0,0,0
2009-12-24,0.0,0.0,0,0
2009-12-25,0.0,0.0,0,0
2009-12-26,0.0,0.0,0,0
2009-12-27,0.0,0.0,0,0
2009-12-28,0.0,0.0,0,0
2009-12-29,0.0,0.0,0,0
2009-12-30,0.0,0.0,0,0
2009-12-31,0.0,0.0,0,0
2010-01-01,0.0,0.0,0,0
2010-01-02,0.0,0.0,0,0
2010-01-03,0.0,0.0,0,0
2010-01-04,0.0,0.0,0,0
2010-01-05,0.0,0.0,0,0
2010-01-06,0.0,0.0,0,0
2010-01-07,0.0,0.0,0,0
2010-01-08,0.0,0.0,0,0
2010-01-09,0.0,0.0,0,0
2010-01-10,0.0,0.0,0,0
2010-01-11,0.0,0.0,0,0
2010-01-12,0.0,0.0,0,0
2010-01-13,0.0,0.0,0,0
2010-01-14,0.0,0.0,0,0
2010-01-15,0.0,0.0,0,0
2010-01-16,0.0,0.0,0,0
2010-01-17,0.0,0.0,0,0
2010-01-18,0.0,0.0,0,0
2010-01-19,0.0,0.0,0,0
2010-01-20,0.0,0.0,0,0
2010-01-21,0.0,0.0,0,0
2010-01-22,0.0,0.0,0,0
2010-01-23,0.0,0.0,0,0
2010-01-24,0.0,0.0,0,0
2010-01-25,0.0,0.0,0,0
2010-01-26,0.0,0.0,0,0
2010-01-27,0.0,0.0,0,0
2010-01-28,0.0,0.0,0,0
2010-01-29,0.0,0.0,0,0
2010-01-30,0.0,0.0,0,0
2010-01-31,0.0,0.0,0,0
2010-02-01,0.0,0.0,0,0
2010-02-02,0.0,0.0,0,0
2010-02-03,0.0,0.0,0,0
2010-02-04,0.0,0.0,0,0
2010-02-05,0.0,0.0,0,0
2010-02-06,0.0,0.0,0,0
2010-02-07,0.0,0.0,0,0
2010-02-08,0.0,0.0,0,0
2010-02-09,0.0,0.0,0,0
2010-02-10,0.0,0.0,0,0
2010-02-11,0.0,0.0,0,0
2010-02-12,0.0,0.0,0,0
2010-02-13,0.0,0.0,0,0
2010-02-14,0.0,0.0,0,0
2010-02-15,0.0,0.0,0,0
2010-02-16,0.0,0.0,0,0
2010-02-17,0.0,0.0,0,0
2010-02-18,0.0,0.0,0,0
2010-02-19,0.0,0.0,0,0
2010-02-20,0.0,0.0,0,0
2010-02-21,0.0,0.0,0,0
2010-02-22,0.0,0.0,0,0
2010-02-23,0.0,0.0,0,0
2010-02-24,0.0,0.0,0,0
2010-02-25,0.0,0.0,0,0
2010-02-26,0.0,0.0,0,0
2010-02-27,0.0,0.0,0,0
2010-02-28,0.0,0.0,0,0
2010-03-01,0.0,0.0,0,0
2010-03-02,0.0,0.0,0,0
2010-03-03,0.0,0.0,0,0
2010-03-04,0.0,0.0,0,0
2010-03-05,0.0,0.0,0,0
2010-03-06,0.0,0.0,0,0
2010-03-07,0.0,0.0,0,0
2010-03-08,0.0,0.0,0,0
2010-03-09,0.0,0.0,0,0
2010-03-10,0.0,0.0,0,0
2010-03-11,0.0,0.0,0,0
2010-03-12,0.0,0.0,0,0
2010-03-13,0.0,0.0,0,0
2010-03-14,0.0,0.0,0,0
2010-03-15,0.0,0.0,0,0
2010-03-16,0.0,0.0,0,0
2010-03-17,0.0,0.0,0,0
2010-03-18,0.0,0.0,0,0
2010-03-19,0.0,0.0,0,0
2010-03-20,0.0,0.0,0,0
2010-03-21,0.0,0.0,0,0
2010-03-22,0.0,0.0,0,0
2010-03-23,0.0,0.0,0,0
2010-03-24,0.0,0.0,0,0
2010-03-25,0.0,0.0,0,0
2010-03-26,0.0,0.0,0,0
2010-03-27,0.0,0.0,0,0
2010-03-28,0.0,0.0,0,0
2010-03-29,0.0,0.0,0,0
2010-03-30,0.0,0.0,0,0
2010-03-31,0.0,0.0,0,0
2010-04-01,0.0,0.0,0,0
2010-04-02,0.0,0.0,0,0
2010-04-03,0.0,0.0,0,0
2010-04-04,0.0,0.0,0,0
2010-04-05,0.0,0.0,0,0
2010-04-06,0.0,0.0,0,0
2010-04-07,0.0,0.0,0,0
2010-04-08,0.0,0.0,0,0
2010-04-09,0.0,0.0,0,0
2010-04-10,0.0,0.0,0,0
2010-04-11,0.0,0.0,0,0
2010-04-12,0.0,0.0,0,0
2010-04-13,0.0,0.0,0,0
2010-04-14,0.0,0.0,0,0
2010-04-15,0.0,0.0,0,0
2010-04-16,0.0,0.0,0,0
2010-04-17,0.0,0.0,0,0
2010-04-18,0.0,0.0,0,0
2010-04-19,0.0,0.0,0,0
2010-04-20,0.0,0.0,0,0
2010-04-21,0.0,0.0,0,0
2010-04-22,0.0,0.0,0,0
2010-04-23,0.0,0.0,0,0
2010-04-24,0.0,0.0,0,0
2010-04-25,0.0,0.0,0,0
2010-04-26,0.0,0.0,0,0
2010-04-27,0.0,0.0,0,0
2010-04-28,1.0,1.0,29,29
2010-04-29,3.0,3.0,68,70
2010-04-30,7.0,7.0,119,120
2010-05-01,11.0,11.0,119,119
2010-05-02,15.0,15.0,119,119
2010-05-03,19.0,19.0,118,121
2010-05-04,23.0,23.0,115,119
2010-05-05,27.0,27.0,111,117
2010-05-06,30.0,31.0,112,115
2010-05-07,34.0,35.0,112,113
2010-05-08,38.0,38.0,112,112
2010-05-09,42.0,42.0,112,112
2010-05-10,45.0,46.0,113,115
2010-05-11,49.0,50.0,116,118
2010-05-12,53.0,54.0,118,121
2010-05-13,57.0,58.0,123,125
2010-05-14,61.0,63.0,127,131
2010-05-15,65.0,67.0,120,127
2010-05-16,69.0,71.0,120,120
2010-05-17,74.0,75.0,124,126
2010-05-18,78.0,80.0,140,144
2010-05-19,83.0,85.0,142,147
2010-05-20,87.0,89.0,127,143
2010-05-21,91.0,94.0,122,128
2010-05-22,95.0,98.0,122,122
2010-05-23,99.0,102.0,122,122
2010-05-24,103.0,106.0,119,126
2010-05-25,107.0,110.0,116,120
2010-05-26,111.0,114.0,114,116
2010-05-27,115.0,118.0,109,114
2010-05-28,117.0,120.0,106,109
2010-05-29,118.0,122.0,106,106
2010-05-30,118.0,121.0,106,106
2010-05-31,118.0,121.0,106,106
2010-06-01,117.0,120.0,106,110
2010-06-02,117.0,120.0,104,109
2010-06-03,116.0,120.0,103,105
2010-06-04,116.0,119.0,97,104
2010-06-05,115.0,118.0,97,97
2010-06-06,115.0,118.0,97,97
2010-06-07,114.0,117.0,96,98
2010-06-08,114.0,117.0,99,100
2010-06-09,113.0,117.0,94,99
2010-06-10,112.0,116.0,92,95
2010-06-11,112.0,115.0,89,93
2010-06-12,110.0,114.0,89,89
2010-06-13,109.0,112.0,89,89
2010-06-14,108.0,111.0,88,90
2010-06-15,107.0,110.0,89,93
2010-06-16,106.0,109.0,87,90
2010-06-17,104.0,107.0,84,89
2010-06-18,102.0,105.0,91,94
2010-06-19,101.0,104.0,91,91
2010-06-20,100.0,102.0,91,91
2010-06-21,99.0,101.0,89,93
2010-06-22,98.0,100.0,90,91
2010-06-23,97.0,100.0,96,102
2010-06-24,96.0,99.0,93,96
2010-06-25,95.0,98.0,86,93
2010-06-26,95.0,97.0,86,86
2010-06-27,94.0,96.0,86,86
2010-06-28,93.0,96.0,86,86
2010-06-29,92.0,95.0,84,86
2010-06-30,92.0,94.0,82,84
2010-07-01,91.0,93.0,81,82
2010-07-02,90.0,92.0,81,81
2010-07-03,89.0,92.0,81,81
2010-07-04,89.0,91.0,81,81
2010-07-05,88.0,90.0,81,81
2010-07-06,88.0,90.0,81,82
2010-07-07,87.0,89.0,78,81
2010-07-08,86.0,88.0,77,79
2010-07-09,86.0,88.0,74,77
2010-07-10,85.0,87.0,74,74
2010-07-11,85.0,86.0,74,74
2010-07-12,84.0,86.0,83,84
2010-07-13,84.0,86.0,85,85
2010-07-14,84.0,86.0,82,91
2010-07-15,84.0,86.0,87,87
2010-07-16,84.0,86.0,86,87
2010-07-17,84.0,86.0,86,86
2010-07-18,84.0,85.0,86,86
2010-07-19,84.0,85.0,90,91
2010-07-20,84.0,86.0,86,92
2010-07-21,84.0,85.0,85,89
2010-07-22,83.0,85.0,83,87
2010-07-23,83.0,85.0,81,84
2010-07-24,82.0,84.0,81,81
2010-07-25,82.0,84.0,81,81
2010-07-26,82.0,84.0,85,87
2010-07-27,83.0,84.0,98,99
2010-07-28,83.0,85.0,97,101
2010-07-29,83.0,85.0,95,97
2010-07-30,84.0,85.0,91,96
2010-07-31,84.0,86.0,91,91
2010-08-01,84.0,86.0,91,91
2010-08-02,85.0,86.0,89,93
2010-08-03,85.0,87.0,92,94
2010-08-04,85.0,87.0,89,93
2010-08-05,86.0,88.0,90,94
2010-08-06,86.0,88.0,89,90
2010-08-07,86.0,88.0,89,89
2010-08-08,87.0,89.0,89,89
2010-08-09,87.0,89.0,87,90
2010-08-10,88.0,90.0,88,88
2010-08-11,88.0,90.0,89,92
2010-08-12,88.0,90.0,88,89
2010-08-13,88.0,90.0,90,90
2010-08-14,88.0,90.0,90,90
2010-08-15,89.0,90.0,90,90
2010-08-16,89.0,91.0,87,92
2010-08-17,89.0,91.0,86,91
2010-08-18,88.0,91.0,86,89
2010-08-19,88.0,90.0,86,88
2010-08-20,88.0,90.0,83,88
2010-08-21,88.0,90.0,83,83
2010-08-22,88.0,90.0,83,83
2010-08-23,89.0,90.0,87,87
2010-08-24,89.0,91.0,89,92
2010-08-25,89.0,91.0,88,92
2010-08-26,89.0,91.0,89,93
2010-08-27,88.0,91.0,89,92
2010-08-28,88.0,90.0,89,89
2010-08-29,88.0,90.0,89,89
2010-08-30,88.0,90.0,89,91
2010-08-31,88.0,90.0,89,94
2010-09-01,88.0,90.0,92,93
2010-09-02,88.0,90.0,92,93
2010-09-03,88.0,90.0,94,95
2010-09-04,88.0,90.0,94,94
2010-09-05,89.0,90.0,94,94
2010-09-06,89.0,90.0,94,94
2010-09-07,89.0,91.0,105,108
2010-09-08,90.0,92.0,107,108
2010-09-09,91.0,92.0,107,112
2010-09-10,91.0,93.0,110,110
2010-09-11,92.0,94.0,110,110
2010-09-12,93.0,94.0,110,110
2010-09-13,94.0,96.0,124,129
2010-09-14,95.0,97.0,127,131
2010-09-15,97.0,99.0,148,152
2010-09-16,99.0,101.0,143,153
2010-09-17,101.0,103.0,141,146
2010-09-18,103.0,105.0,141,141
2010-09-19,105.0,107.0,141,141
2010-09-20,107.0,109.0,154,158
2010-09-21,109.0,112.0,155,162
2010-09-22,112.0,114.0,161,162
2010-09-23,114.0,117.0,164,169
2010-09-24,117.0,120.0,169,172
2010-09-25,120.0,122.0,170,170
2010-09-26,122.0,125.0,170,170
2010-09-27,125.0,127.0,166,170
2010-09-28,127.0,130.0,162,167
2010-09-29,130.0,133.0,165,170
2010-09-30,133.0,135.0,173,175
2010-10-01,135.0,138.0,172,173
2010-10-02,138.0,141.0,172,172
2010-10-03,141.0,143.0,172,172
2010-10-04,143.0,146.0,167,173
2010-10-05,146.0,148.0,166,167
2010-10-06,148.0,151.0,155,166
2010-10-07,149.0,152.0,152,155
2010-10-08,151.0,154.0,149,154
2010-10-09,152.0,155.0,149,149
2010-10-10,153.0,156.0,149,149
2010-10-11,155.0,158.0,149,149
2010-10-12,156.0,159.0,153,153
2010-10-13,157.0,160.0,159,160
2010-10-14,158.0,161.0,159,164
2010-10-15,158.0,161.0,155,159
2010-10-16,159.0,161.0,155,155
2010-10-17,159.0,162.0,155,155
2010-10-18,160.0,162.0,153,155
2010-10-19,160.0,163.0,149,153
2010-10-20,160.0,162.0,149,150
2010-10-21,159.0,162.0,143,150
2010-10-22,159.0,162.0,145,150
2010-10-23,158.0,161.0,145,145
2010-10-24,157.0,160.0,145,145
2010-10-25,157.0,159.0,143,146
2010-10-26,156.0,158.0,144,146
2010-10-27,155.0,157.0,136,144
2010-10-28,154.0,157.0,141,146
2010-10-29,153.0,156.0,142,146
2010-10-30,152.0,155.0,142,142
2010-10-31,151.0,154.0,142,142
2010-11-01,150.0,153.0,149,152
2010-11-02,150.0,153.0,157,159
2010-11-03,150.0,152.0,158,161
2010-11-04,149.0,152.0,157,160
2010-11-05,149.0,152.0,156,160
2010-11-06,149.0,152.0,156,156
2010-11-07,150.0,152.0,156,156
2010-11-08,150.0,152.0,146,157
2010-11-09,149.0,152.0,142,150
2010-11-10,149.0,152.0,142,147
2010-11-11,149.0,152.0,142,142
2010-11-12,148.0,151.0,140,144
2010-11-13,148.0,150.0,140,140
2010-11-14,147.0,150.0,140,140
2010-11-15,146.0,149.0,139,144
2010-11-16,146.0,149.0,137,139
2010-11-17,145.0,148.0,139,140
2010-11-18,145.0,148.0,140,144
2010-11-19,145.0,148.0,135,140
2010-11-20,144.0,147.0,135,135
2010-11-21,144.0,147.0,135,135
2010-11-22,143.0,146.0,128,135
2010-11-23,143.0,146.0,124,132
2010-11-24,142.0,145.0,122,127
2010-11-25,141.0,145.0,122,122
2010-11-26,141.0,144.0,123,123
2010-11-27,140.0,143.0,123,123
2010-11-28,140.0,142.0,123,123
2010-11-29,139.0,142.0,123,126
2010-11-30,138.0,141.0,123,126
2010-12-01,137.0,140.0,120,127
2010-12-02,137.0,140.0,131,136
2010-12-03,136.0,139.0,135,143
2010-12-04,135.0,138.0,135,135
2010-12-05,134.0,137.0,135,135
2010-12-06,134.0,137.0,145,149
2010-12-07,134.0,137.0,143,145
2010-12-08,134.0,137.0,145,149
2010-12-09,134.0,137.0,152,155
2010-12-10,134.0,137.0,151,153
2010-12-11,134.0,137.0,151,151
2010-12-12,135.0,137.0,151,151
2010-12-13,135.0,138.0,149,152
2010-12-14,135.0,138.0,142,150
2010-12-15,135.0,138.0,140,143
2010-12-16,135.0,138.0,137,140
2010-12-17,136.0,139.0,150,152
2010-12-18,136.0,139.0,151,151
2010-12-19,136.0,139.0,151,151
2010-12-20,137.0,140.0,141,154
2010-12-21,137.0,140.0,140,148
2010-12-22,137.0,141.0,143,150
2010-12-23,138.0,141.0,141,145
2010-12-24,139.0,142.0,141,141
2010-12-25,139.0,142.0,141,141
2010-12-26,140.0,143.0,141,141
2010-12-27,140.0,144.0,139,143
2010-12-28,141.0,144.0,151,152
2010-12-29,142.0,146.0,155,156
2010-12-30,144.0,147.0,159,163
2010-12-31,145.0,148.0,158,159
2011-01-01,146.0,149.0,158,158
2011-01-02,146.0,149.0,158,158
2011-01-03,147.0,150.0,162,164
2011-01-04,148.0,151.0,164,170
2011-01-05,149.0,152.0,157,165
2011-01-06,149.0,152.0,156,162
2011-01-07,150.0,153.0,156,160
2011-01-08,150.0,153.0,156,156
2011-01-09,150.0,153.0,156,156
2011-01-10,150.0,153.0,161,163
2011-01-11,150.0,154.0,159,163
2011-01-12,151.0,154.0,158,164
2011-01-13,151.0,154.0,155,161
2011-01-14,152.0,155.0,150,155
2011-01-15,152.0,155.0,150,150
2011-01-16,152.0,155.0,150,150
2011-01-17,152.0,155.0,150,150
2011-01-18,152.0,155.0,150,152
2011-01-19,152.0,155.0,151,157
2011-01-20,152.0,155.0,149,155
2011-01-21,153.0,155.0,150,154
2011-01-22,153.0,156.0,150,150
2011-01-23,153.0,156.0,150,150
2011-01-24,154.0,156.0,148,153
2011-01-25,154.0,157.0,149,154
2011-01-26,154.0,157.0,149,152
2011-01-27,154.0,157.0,149,153
2011-01-28,154.0,157.0,142,152
2011-01-29,153.0,156.0,142,142
2011-01-30,153.0,156.0,142,142
2011-01-31,152.0,155.0,140,146
2011-02-01,152.0,155.0,145,151
2011-02-02,151.0,155.0,146,151
2011-02-03,150.0,154.0,148,152
2011-02-04,150.0,154.0,149,152
2011-02-05,150.0,153.0,149,149
2011-02-06,150.0,153.0,149,149
2011-02-07,150.0,153.0,153,154
2011-02-08,150.0,153.0,160,162
2011-02-09,150.0,153.0,159,164
2011-02-10,150.0,153.0,164,165
2011-02-11,150.0,153.0,167,169
2011-02-12,151.0,153.0,167,167
2011-02-13,151.0,154.0,167,167
2011-02-14,152.0,154.0,165,171
2011-02-15,152.0,155.0,162,169
2011-02-16,153.0,156.0,165,169
2011-02-17,153.0,156.0,153,170
2011-02-18,153.0,156.0,152,157
2011-02-19,152.0,156.0,140,152
2011-02-20,152.0,156.0,139,140
2011-02-21,152.0,155.0,139,139
2011-02-22,151.0,155.0,139,142
2011-02-23,151.0,155.0,144,145
2011-02-24,151.0,155.0,144,147
2011-02-25,151.0,154.0,142,147
2011-02-26,150.0,154.0,142,142
2011-02-27,150.0,154.0,142,142
2011-02-28,150.0,154.0,135,145
2011-03-01,150.0,154.0,129,138
2011-03-02,149.0,153.0,125,132
2011-03-03,148.0,152.0,120,126
2011-03-04,148.0,152.0,129,129
2011-03-05,147.0,151.0,129,129
2011-03-06,147.0,150.0,129,129
2011-03-07,146.0,150.0,127,132
2011-03-08,145.0,149.0,127,131
2011-03-09,144.0,148.0,126,127
2011-03-10,143.0,147.0,129,132
2011-03-11,142.0,146.0,128,132
2011-03-12,141.0,145.0,128,128
2011-03-13,140.0,143.0,128,128
2011-03-14,139.0,142.0,136,137
2011-03-15,138.0,142.0,134,141
2011-03-16,137.0,140.0,135,137
2011-03-17,136.0,139.0,135,137
2011-03-18,135.0,138.0,131,136
2011-03-19,134.0,137.0,131,131
2011-03-20,133.0,136.0,130,131
2011-03-21,133.0,135.0,128,131
2011-03-22,132.0,135.0,131,134
2011-03-23,132.0,135.0,127,132
2011-03-24,132.0,135.0,125,129
2011-03-25,131.0,134.0,124,129
2011-03-26,130.0,133.0,124,124
2011-03-27,130.0,132.0,124,124
2011-03-28,129.0,132.0,123,126
2011-03-29,128.0,131.0,118,124
2011-03-30,127.0,131.0,114,121
2011-03-31,127.0,130.0,115,116
2011-04-01,126.0,129.0,98,117
2011-04-02,125.0,128.0,98,98
2011-04-03,124.0,127.0,98,98
2011-04-04,123.0,126.0,83,100
2011-04-05,121.0,125.0,81,85
2011-04-06,120.0,123.0,85,86
2011-04-07,118.0,122.0,85,89
2011-04-08,117.0,121.0,85,88
2011-04-09,116.0,119.0,85,85
2011-04-10,114.0,118.0,85,85
2011-04-11,113.0,116.0,86,86
2011-04-12,111.0,115.0,84,87
2011-04-13,109.0,113.0,80,85
2011-04-14,108.0,111.0,79,81
2011-04-15,106.0,109.0,79,80
2011-04-16,104.0,107.0,79,79
2011-04-17,102.0,105.0,79,79
2011-04-18,101.0,104.0,85,87
2011-04-19,99.0,103.0,92,93
2011-04-20,98.0,101.0,90,93
2011-04-21,97.0,100.0,88,92
2011-04-22,95.0,99.0,88,91
2011-04-23,94.0,97.0,88,88
2011-04-24,93.0,96.0,88,88
2011-04-25,92.0,95.0,85,90
2011-04-26,90.0,94.0,81,88
2011-04-27,89.0,92.0,80,81
2011-04-28,88.0,91.0,82,83
2011-04-29,86.0,89.0,83,84
2011-04-30,85.0,88.0,83,83
2011-05-01,85.0,87.0,83,83
2011-05-02,84.0,87.0,83,84
2011-05-03,84.0,86.0,77,84
2011-05-04,84.0,86.0,78,80
2011-05-05,83.0,85.0,76,81
2011-05-06,83.0,85.0,74,77
2011-05-07,83.0,85.0,76,76
2011-05-08,82.0,84.0,76,76
2011-05-09,82.0,84.0,78,81
2011-05-10,82.0,84.0,80,80
2011-05-11,82.0,84.0,78,83
2011-05-12,82.0,84.0,81,82
2011-05-13,81.0,84.0,75,81
2011-05-14,81.0,83.0,75,75
2011-05-15,81.0,83.0,75,75
2011-05-16,81.0,83.0,80,82
2011-05-17,81.0,84.0,83,89
2011-05-18,81.0,84.0,86,86
2011-05-19,81.0,84.0,87,90
2011-05-20,81.0,83.0,82,88
2011-05-21,81.0,83.0,82,82
2011-05-22,81.0,83.0,82,82
2011-05-23,80.0,83.0,79,83
2011-05-24,80.0,82.0,78,81
2011-05-25,80.0,82.0,80,82
2011-05-26,80.0,82.0,82,85
2011-05-27,80.0,82.0,77,84
2011-05-28,80.0,82.0,77,77
2011-05-29,79.0,82.0,77,77
2011-05-30,79.0,81.0,77,77
2011-05-31,79.0,81.0,77,80
2011-06-01,79.0,81.0,73,78
2011-06-02,79.0,81.0,77,78
2011-06-03,78.0,81.0,74,79
2011-06-04,78.0,81.0,74,74
2011-06-05,78.0,81.0,74,74
2011-06-06,78.0,81.0,73,75
2011-06-07,78.0,81.0,77,80
2011-06-08,78.0,81.0,80,82
2011-06-09,78.0,81.0,82,83
2011-06-10,79.0,81.0,81,86
2011-06-11,79.0,81.0,81,81
2011-06-12,79.0,81.0,81,81
2011-06-13,79.0,81.0,79,82
2011-06-14,79.0,81.0,80,81
2011-06-15,79.0,81.0,80,84
2011-06-16,79.0,81.0,73,81
2011-06-17,78.0,81.0,77,77
2011-06-18,78.0,80.0,77,77
2011-06-19,78.0,80.0,77,77
2011-06-20,78.0,80.0,77,80
2011-06-21,78.0,80.0,81,83
2011-06-22,78.0,80.0,84,85
2011-06-23,78.0,80.0,82,89
2011-06-24,78.0,80.0,78,86
2011-06-25,78.0,80.0,78,78
2011-06-26,78.0,80.0,78,78
2011-06-27,78.0,80.0,75,78
2011-06-28,78.0,80.0,72,76
2011-06-29,78.0,80.0,75,75
2011-06-30,78.0,80.0,76,78
2011-07-01,78.0,80.0,75,76
2011-07-02,78.0,80.0,75,75
2011-07-03,78.0,80.0,75,75
2011-07-04,78.0,80.0,75,75
2011-07-05,78.0,80.0,81,81
2011-07-06,78.0,80.0,84,87
2011-07-07,78.0,80.0,83,88
2011-07-08,79.0,81.0,84,85
2011-07-09,79.0,81.0,84,84
2011-07-10,79.0,81.0,84,84
2011-07-11,79.0,81.0,81,86
2011-07-12,79.0,81.0,91,92
2011-07-13,79.0,81.0,92,93
2011-07-14,80.0,82.0,89,95
2011-07-15,79.0,82.0,67,90
2011-07-16,79.0,82.0,67,67
2011-07-17,79.0,81.0,66,67
2011-07-18,78.0,81.0,62,67
2011-07-19,78.0,81.0,63,64
2011-07-20,77.0,80.0,65,66
2011-07-21,77.0,80.0,63,68
2011-07-22,76.0,79.0,64,64
2011-07-23,76.0,78.0,66,66
2011-07-24,75.0,77.0,66,66
2011-07-25,75.0,77.0,65,69
2011-07-26,74.0,77.0,63,67
2011-07-27,74.0,76.0,67,67
2011-07-28,74.0,76.0,68,68
2011-07-29,74.0,76.0,71,71
2011-07-30,74.0,76.0,71,71
2011-07-31,73.0,76.0,71,71
2011-08-01,73.0,76.0,75,76
2011-08-02,73.0,76.0,76,78
2011-08-03,74.0,76.0,77,79
2011-08-04,74.0,76.0,93,95
2011-08-05,74.0,77.0,93,97
2011-08-06,75.0,77.0,93,93
2011-08-07,75.0,77.0,93,93
2011-08-08,75.0,78.0,97,99
2011-08-09,76.0,78.0,96,98
2011-08-10,76.0,78.0,92,98
2011-08-11,76.0,79.0,86,93
2011-08-12,76.0,78.0,87,90
2011-08-13,76.0,78.0,87,87
2011-08-14,76.0,78.0,87,87
2011-08-15,77.0,79.0,84,90
2011-08-16,78.0,80.0,84,89
2011-08-17,78.0,80.0,83,85
2011-08-18,79.0,81.0,85,86
2011-08-19,80.0,82.0,85,88
2011-08-20,80.0,82.0,85,85
2011-08-21,81.0,83.0,85,85
2011-08-22,82.0,84.0,84,85
2011-08-23,82.0,84.0,85,89
2011-08-24,83.0,85.0,80,87
2011-08-25,83.0,85.0,80,83
2011-08-26,84.0,86.0,80,81
2011-08-27,84.0,86.0,80,80
2011-08-28,84.0,87.0,80,80
2011-08-29,85.0,87.0,81,81
2011-08-30,85.0,87.0,84,84
2011-08-31,86.0,88.0,89,91
2011-09-01,86.0,88.0,88,91
2011-09-02,86.0,89.0,87,89
2011-09-03,86.0,88.0,87,87
2011-09-04,86.0,88.0,87,87
2011-09-05,86.0,88.0,87,87
2011-09-06,86.0,88.0,92,93
2011-09-07,86.0,88.0,91,100
2011-09-08,85.0,88.0,91,94
2011-09-09,85.0,88.0,89,94
2011-09-10,85.0,87.0,89,89
2011-09-11,85.0,87.0,88,89
2011-09-12,85.0,87.0,86,88
2011-09-13,85.0,88.0,82,88
2011-09-14,85.0,87.0,82,86
2011-09-15,85.0,87.0,83,85
2011-09-16,85.0,87.0,80,83
2011-09-17,85.0,87.0,80,80
2011-09-18,85.0,87.0,80,80
2011-09-19,85.0,87.0,85,86
2011-09-20,85.0,87.0,83,86
2011-09-21,85.0,87.0,85,85
2011-09-22,85.0,87.0,84,87
2011-09-23,85.0,87.0,84,84
2011-09-24,85.0,87.0,84,84
2011-09-25,85.0,87.0,84,84
2011-09-26,85.0,87.0,84,85
2011-09-27,85.0,87.0,83,87
2011-09-28,85.0,87.0,85,86
2011-09-29,86.0,87.0,87,87
2011-09-30,85.0,87.0,85,88
2011-10-01,85.0,87.0,85,85
2011-10-02,85.0,87.0,85,85
2011-10-03,85.0,87.0,85,85
2011-10-04,85.0,87.0,82,85
2011-10-05,85.0,87.0,82,84
2011-10-06,85.0,86.0,84,85
2011-10-07,84.0,86.0,84,87
2011-10-08,84.0,86.0,83,84
2011-10-09,84.0,85.0,83,83
2011-10-10,84.0,85.0,83,83
2011-10-11,84.0,85.0,83,88
2011-10-12,83.0,85.0,82,85
2011-10-13,83.0,85.0,81,82
2011-10-14,83.0,85.0,82,83
2011-10-15,83.0,85.0,82,82
2011-10-16,83.0,85.0,82,82
2011-10-17,83.0,85.0,82,83
2011-10-18,84.0,85.0,83,83
2011-10-19,83.0,85.0,79,83
2011-10-20,83.0,84.0,79,80
2011-10-21,83.0,84.0,81,84
2011-10-22,83.0,84.0,81,81
2011-10-23,83.0,84.0,81,81
2011-10-24,83.0,84.0,82,84
2011-10-25,83.0,84.0,85,85
2011-10-26,83.0,84.0,82,87
2011-10-27,83.0,84.0,89,94
2011-10-28,83.0,85.0,92,92
2011-10-29,83.0,85.0,92,92
2011-10-30,84.0,85.0,92,92
2011-10-31,84.0,85.0,92,92
2011-11-01,84.0,86.0,93,95
2011-11-02,84.0,86.0,91,95
2011-11-03,85.0,86.0,89,92
2011-11-04,85.0,86.0,90,91
2011-11-05,85.0,87.0,91,91
2011-11-06,85.0,87.0,91,91
2011-11-07,86.0,87.0,92,93
2011-11-08,86.0,87.0,94,95
2011-11-09,86.0,88.0,92,94
2011-11-10,87.0,88.0,92,94
2011-11-11,87.0,88.0,92,92
2011-11-12,87.0,88.0,92,92
2011-11-13,88.0,89.0,92,92
2011-11-14,88.0,89.0,95,97
2011-11-15,89.0,90.0,98,101
2011-11-16,89.0,91.0,98,102
2011-11-17,90.0,91.0,99,103
2011-11-18,90.0,92.0,101,101
2011-11-19,91.0,93.0,101,101
2011-11-20,92.0,93.0,101,101
2011-11-21,92.0,94.0,98,101
2011-11-22,93.0,94.0,99,101
2011-11-23,93.0,95.0,95,102
2011-11-24,94.0,95.0,95,95
2011-11-25,94.0,96.0,93,95
2011-11-26,94.0,96.0,93,93
2011-11-27,94.0,96.0,93,93
2011-11-28,94.0,96.0,93,94
2011-11-29,94.0,96.0,96,99
2011-11-30,95.0,96.0,97,101
2011-12-01,95.0,96.0,97,99
2011-12-02,95.0,96.0,96,97
2011-12-03,95.0,97.0,96,96
2011-12-04,95.0,97.0,96,96
2011-12-05,96.0,97.0,98,98
2011-12-06,96.0,97.0,97,102
2011-12-07,96.0,98.0,96,99
2011-12-08,96.0,98.0,108,110
2011-12-09,97.0,99.0,106,113
2011-12-10,97.0,99.0,106,106
2011-12-11,98.0,100.0,106,106
2011-12-12,98.0,100.0,111,116
2011-12-13,99.0,101.0,119,120
2011-12-14,100.0,102.0,126,129
2011-12-15,101.0,104.0,130,137
2011-12-16,102.0,105.0,128,135
2011-12-17,103.0,105.0,128,128
2011-12-18,104.0,106.0,128,128
2011-12-19,105.0,107.0,130,134
2011-12-20,106.0,109.0,136,140
2011-12-21,108.0,110.0,138,139
2011-12-22,109.0,111.0,132,140
2011-12-23,110.0,112.0,127,135
2011-12-24,111.0,114.0,127,127
2011-12-25,112.0,115.0,127,127
2011-12-26,113.0,116.0,127,127
2011-12-27,114.0,117.0,125,132
2011-12-28,115.0,118.0,118,127
2011-12-29,116.0,119.0,119,122
2011-12-30,116.0,120.0,117,122
2011-12-31,117.0,120.0,117,117
2012-01-01,118.0,121.0,117,117
2012-01-02,119.0,122.0,117,117
2012-01-03,120.0,123.0,125,130
2012-01-04,120.0,124.0,122,129
2012-01-05,121.0,124.0,118,124
2012-01-06,122.0,125.0,116,123
2012-01-07,122.0,125.0,116,116
2012-01-08,122.0,126.0,116,116
2012-01-09,123.0,126.0,121,123
2012-01-10,123.0,127.0,126,131
2012-01-11,124.0,127.0,123,131
2012-01-12,124.0,128.0,122,126
2012-01-13,124.0,128.0,123,125
2012-01-14,124.0,127.0,123,123
2012-01-15,123.0,127.0,123,123
2012-01-16,123.0,126.0,123,123
2012-01-17,123.0,126.0,125,128
2012-01-18,123.0,126.0,122,128
2012-01-19,123.0,126.0,131,135
2012-01-20,122.0,126.0,129,137
2012-01-21,122.0,126.0,129,129
2012-01-22,122.0,125.0,129,129
2012-01-23,123.0,126.0,132,135
2012-01-24,123.0,126.0,135,137
2012-01-25,123.0,126.0,134,138
2012-01-26,123.0,127.0,130,140
2012-01-27,124.0,127.0,127,132
2012-01-28,124.0,127.0,127,127
2012-01-29,124.0,127.0,127,127
2012-01-30,124.0,128.0,124,127
2012-01-31,124.0,128.0,120,125
2012-02-01,125.0,128.0,118,122
2012-02-02,124.0,128.0,116,118
2012-02-03,124.0,127.0,119,121
2012-02-04,124.0,127.0,118,119
2012-02-05,124.0,127.0,118,118
2012-02-06,124.0,127.0,118,120
2012-02-07,124.0,127.0,121,122
2012-02-08,124.0,127.0,119,122
2012-02-09,124.0,127.0,115,120
2012-02-10,124.0,126.0,113,116
2012-02-11,123.0,126.0,113,113
2012-02-12,123.0,126.0,113,113
2012-02-13,123.0,125.0,112,114
2012-02-14,122.0,125.0,111,115
2012-02-15,122.0,125.0,112,114
2012-02-16,122.0,124.0,113,116
2012-02-17,121.0,124.0,110,114
2012-02-18,120.0,123.0,110,110
2012-02-19,120.0,122.0,110,110
2012-02-20,119.0,121.0,110,110
2012-02-21,118.0,121.0,108,113
2012-02-22,118.0,120.0,111,113
2012-02-23,117.0,119.0,114,115
2012-02-24,116.0,119.0,111,120
2012-02-25,116.0,118.0,111,111
2012-02-26,115.0,117.0,111,111
2012-02-27,115.0,117.0,115,115
2012-02-28,114.0,116.0,116,117
2012-02-29,114.0,116.0,117,119
2012-03-01,114.0,116.0,115,120
2012-03-02,114.0,116.0,113,119
2012-03-03,114.0,116.0,113,113
2012-03-04,113.0,116.0,113,113
2012-03-05,113.0,115.0,113,114
2012-03-06,113.0,115.0,117,120
2012-03-07,113.0,116.0,120,123
2012-03-08,113.0,116.0,125,125
2012-03-09,114.0,116.0,128,133
2012-03-10,114.0,116.0,128,128
2012-03-11,115.0,117.0,128,128
2012-03-12,115.0,117.0,126,129
2012-03-13,116.0,118.0,128,130
2012-03-14,116.0,118.0,127,129
2012-03-15,117.0,119.0,130,132
2012-03-16,117.0,119.0,125,132
2012-03-17,118.0,120.0,125,125
2012-03-18,118.0,120.0,125,125
2012-03-19,118.0,121.0,121,125
2012-03-20,119.0,121.0,120,125
2012-03-21,119.0,121.0,119,122
2012-03-22,119.0,122.0,115,120
2012-03-23,119.0,122.0,111,117
2012-03-24,119.0,122.0,113,113
2012-03-25,120.0,122.0,119,119
2012-03-26,120.0,123.0,127,135
2012-03-27,121.0,123.0,135,137
2012-03-28,122.0,124.0,143,146
2012-03-29,123.0,125.0,142,143
2012-03-30,123.0,126.0,139,144
2012-03-31,124.0,127.0,139,139
2012-04-01,125.0,127.0,139,139
2012-04-02,126.0,128.0,135,142
2012-04-03,126.0,129.0,130,139
2012-04-04,127.0,130.0,130,134
2012-04-05,127.0,130.0,128,134
2012-04-06,128.0,131.0,130,131
2012-04-07,128.0,131.0,130,130
2012-04-08,128.0,131.0,130,130
2012-04-09,128.0,131.0,121,131
2012-04-10,127.0,131.0,121,124
2012-04-11,128.0,131.0,131,131
2012-04-12,128.0,131.0,131,133
2012-04-13,128.0,131.0,127,136
2012-04-14,128.0,131.0,127,127
2012-04-15,128.0,131.0,127,127
2012-04-16,128.0,131.0,126,128
2012-04-17,127.0,131.0,118,126
2012-04-18,127.0,131.0,116,118
2012-04-19,127.0,131.0,116,124
2012-04-20,127.0,131.0,121,123
2012-04-21,127.0,131.0,120,121
2012-04-22,128.0,131.0,120,120
2012-04-23,128.0,131.0,117,120
2012-04-24,128.0,131.0,120,120
2012-04-25,128.0,131.0,120,120
2012-04-26,127.0,130.0,118,120
2012-04-27,126.0,129.0,119,122
2012-04-28,126.0,128.0,119,119
2012-04-29,125.0,128.0,119,119
2012-04-30,124.0,127.0,118,120
2012-05-01,123.0,126.0,118,122
2012-05-02,123.0,126.0,119,120
2012-05-03,123.0,125.0,119,119
2012-05-04,122.0,125.0,115,121
2012-05-05,122.0,124.0,115,115
2012-05-06,121.0,123.0,115,115
2012-05-07,121.0,123.0,117,118
2012-05-08,120.0,123.0,121,123
2012-05-09,120.0,123.0,124,128
2012-05-10,120.0,123.0,121,129
2012-05-11,120.0,123.0,118,123
2012-05-12,120.0,122.0,118,118
2012-05-13,119.0,121.0,118,118
2012-05-14,119.0,121.0,118,120
2012-05-15,119.0,121.0,124,125
2012-05-16,119.0,121.0,133,135
2012-05-17,120.0,122.0,135,139
2012-05-18,120.0,122.0,133,138
2012-05-19,121.0,123.0,133,133
2012-05-20,121.0,123.0,133,133
2012-05-21,122.0,124.0,136,137
2012-05-22,122.0,124.0,140,146
2012-05-23,123.0,125.0,142,147
2012-05-24,124.0,127.0,151,157
2012-05-25,125.0,128.0,154,161
2012-05-26,127.0,129.0,154,154
2012-05-27,128.0,130.0,154,154
2012-05-28,129.0,131.0,154,154
2012-05-29,130.0,133.0,159,165
2012-05-30,132.0,134.0,156,161
2012-05-31,133.0,136.0,156,160
2012-06-01,134.0,137.0,153,157
2012-06-02,135.0,138.0,153,153
2012-06-03,136.0,139.0,153,153
2012-06-04,138.0,140.0,155,159
2012-06-05,139.0,142.0,154,161
2012-06-06,140.0,143.0,154,162
2012-06-07,141.0,145.0,154,160
2012-06-08,142.0,146.0,158,164
2012-06-09,144.0,147.0,158,159
2012-06-10,145.0,148.0,158,158
2012-06-11,146.0,149.0,155,158
2012-06-12,148.0,151.0,155,158
2012-06-13,149.0,152.0,157,160
2012-06-14,150.0,153.0,158,163
2012-06-15,151.0,154.0,156,160
2012-06-16,151.0,155.0,156,156
2012-06-17,152.0,155.0,156,156
2012-06-18,153.0,156.0,158,159
2012-06-19,154.0,157.0,155,160
2012-06-20,154.0,158.0,154,158
2012-06-21,155.0,158.0,148,155
2012-06-22,155.0,158.0,151,153
2012-06-23,155.0,158.0,151,151
2012-06-24,155.0,158.0,151,151
2012-06-25,155.0,158.0,156,156
2012-06-26,155.0,158.0,158,162
2012-06-27,155.0,159.0,162,168
2012-06-28,155.0,159.0,158,165
2012-06-29,155.0,159.0,158,163
2012-06-30,155.0,159.0,160,160
2012-07-01,156.0,159.0,160,160
2012-07-02,156.0,159.0,166,171
2012-07-03,157.0,160.0,182,185
2012-07-04,158.0,161.0,182,182
2012-07-05,159.0,162.0,183,188
2012-07-06,160.0,163.0,183,187
2012-07-07,161.0,164.0,183,183
2012-07-08,162.0,164.0,183,183
2012-07-09,163.0,165.0,188,193
2012-07-10,164.0,167.0,188,195
2012-07-11,165.0,168.0,186,191
2012-07-12,166.0,169.0,184,190
2012-07-13,166.0,170.0,180,188
2012-07-14,167.0,170.0,180,180
2012-07-15,168.0,171.0,180,180
2012-07-16,169.0,172.0,178,180
2012-07-17,169.0,173.0,178,182
2012-07-18,170.0,174.0,182,186
2012-07-19,171.0,174.0,180,186
2012-07-20,172.0,175.0,180,185
2012-07-21,173.0,176.0,180,180
2012-07-22,174.0,177.0,180,180
2012-07-23,175.0,178.0,178,182
2012-07-24,176.0,179.0,175,179
2012-07-25,176.0,180.0,174,178
2012-07-26,177.0,180.0,174,177
2012-07-27,177.0,180.0,173,175
2012-07-28,178.0,181.0,173,173
2012-07-29,178.0,181.0,173,173
2012-07-30,179.0,182.0,171,176
2012-07-31,179.0,182.0,172,173
2012-08-01,179.0,182.0,167,174
2012-08-02,178.0,182.0,167,169
2012-08-03,178.0,181.0,161,172
2012-08-04,177.0,180.0,161,161
2012-08-05,176.0,180.0,161,161
2012-08-06,175.0,179.0,156,164
2012-08-07,174.0,178.0,155,159
2012-08-08,174.0,177.0,158,163
2012-08-09,172.0,176.0,158,164
2012-08-10,172.0,175.0,156,160
2012-08-11,171.0,174.0,156,156
2012-08-12,170.0,173.0,157,157
2012-08-13,169.0,172.0,156,165
2012-08-14,168.0,172.0,159,162
2012-08-15,168.0,171.0,159,163
2012-08-16,167.0,170.0,159,162
2012-08-17,166.0,170.0,156,161
2012-08-18,165.0,169.0,156,156
2012-08-19,165.0,168.0,156,156
2012-08-20,164.0,167.0,156,159
2012-08-21,163.0,166.0,156,160
2012-08-22,162.0,166.0,153,158
2012-08-23,162.0,165.0,158,159
2012-08-24,161.0,164.0,165,167
2012-08-25,161.0,164.0,165,165
2012-08-26,161.0,164.0,165,165
2012-08-27,160.0,164.0,165,167
2012-08-28,160.0,164.0,167,174
2012-08-29,160.0,164.0,170,174
2012-08-30,160.0,164.0,176,178
2012-08-31,161.0,164.0,174,180
2012-09-01,161.0,164.0,174,174
2012-09-02,161.0,164.0,174,174
2012-09-03,162.0,165.0,174,174
2012-09-04,162.0,165.0,174,178
2012-09-05,162.0,166.0,167,175
2012-09-06,163.0,166.0,166,168
2012-09-07,163.0,166.0,160,170
2012-09-08,163.0,166.0,160,160
2012-09-09,163.0,166.0,160,160
2012-09-10,163.0,166.0,159,164
2012-09-11,163.0,166.0,164,165
2012-09-12,164.0,166.0,162,165
2012-09-13,164.0,166.0,160,163
2012-09-14,164.0,166.0,157,164
2012-09-15,164.0,166.0,157,157
2012-09-16,164.0,166.0,157,157
2012-09-17,163.0,166.0,153,160
2012-09-18,163.0,166.0,151,158
2012-09-19,163.0,166.0,148,155
2012-09-20,163.0,166.0,146,151
2012-09-21,162.0,166.0,144,149
2012-09-22,162.0,165.0,144,144
2012-09-23,161.0,164.0,144,144
2012-09-24,161.0,164.0,144,146
2012-09-25,160.0,163.0,152,154
2012-09-26,160.0,163.0,156,163
2012-09-27,159.0,163.0,154,157
2012-09-28,159.0,162.0,153,157
2012-09-29,158.0,161.0,153,153
2012-09-30,157.0,160.0,153,153
2012-10-01,157.0,160.0,151,154
2012-10-02,156.0,159.0,156,160
2012-10-03,156.0,159.0,161,163
2012-10-04,155.0,159.0,164,171
2012-10-05,155.0,158.0,165,170
2012-10-06,155.0,158.0,165,165
2012-10-07,155.0,158.0,165,165
2012-10-08,155.0,158.0,165,165
2012-10-09,156.0,159.0,162,165
2012-10-10,155.0,159.0,158,165
2012-10-11,155.0,159.0,157,164
2012-10-12,155.0,158.0,160,162
2012-10-13,155.0,158.0,160,160
2012-10-14,155.0,158.0,160,160
2012-10-15,155.0,159.0,163,168
2012-10-16,156.0,159.0,163,166
2012-10-17,156.0,159.0,158,166
2012-10-18,156.0,159.0,156,163
2012-10-19,157.0,160.0,169,169
2012-10-20,157.0,160.0,169,169
2012-10-21,158.0,161.0,169,169
2012-10-22,159.0,162.0,165,170
2012-10-23,160.0,163.0,170,174
2012-10-24,161.0,164.0,171,175
2012-10-25,161.0,165.0,170,177
2012-10-26,162.0,165.0,168,174
2012-10-27,162.0,165.0,168,168
2012-10-28,163.0,166.0,168,168
2012-10-29,163.0,166.0,171,172
2012-10-30,164.0,167.0,174,178
2012-10-31,165.0,168.0,174,182
2012-11-01,165.0,169.0,168,176
2012-11-02,165.0,169.0,163,168
2012-11-03,165.0,169.0,163,163
2012-11-04,165.0,168.0,163,163
2012-11-05,165.0,168.0,160,167
2012-11-06,165.0,168.0,157,166
2012-11-07,164.0,168.0,155,161
2012-11-08,164.0,168.0,153,158
2012-11-09,164.0,168.0,158,163
2012-11-10,164.0,168.0,158,158
2012-11-11,164.0,168.0,158,158
2012-11-12,164.0,168.0,158,158
2012-11-13,164.0,168.0,157,163
2012-11-14,164.0,168.0,160,167
2012-11-15,164.0,168.0,168,170
2012-11-16,164.0,168.0,164,172
2012-11-17,164.0,168.0,164,164
2012-11-18,164.0,168.0,164,164
2012-11-19,164.0,168.0,167,170
2012-11-20,164.0,168.0,161,171
2012-11-21,164.0,168.0,160,166
2012-11-22,163.0,167.0,160,160
2012-11-23,163.0,167.0,165,166
2012-11-24,163.0,167.0,165,165
2012-11-25,163.0,166.0,165,165
2012-11-26,163.0,167.0,172,175
2012-11-27,163.0,167.0,175,179
2012-11-28,163.0,167.0,175,183
2012-11-29,163.0,167.0,170,178
2012-11-30,163.0,167.0,178,187
2012-12-01,164.0,168.0,178,178
2012-12-02,164.0,168.0,178,178
2012-12-03,165.0,168.0,179,182
2012-12-04,166.0,169.0,183,190
2012-12-05,166.0,170.0,184,192
2012-12-06,168.0,171.0,194,196
2012-12-07,168.0,172.0,184,196
2012-12-08,170.0,173.0,184,184
2012-12-09,170.0,174.0,184,184
2012-12-10,171.0,175.0,186,189
2012-12-11,172.0,176.0,187,195
2012-12-12,173.0,177.0,188,190
2012-12-13,174.0,178.0,190,192
2012-12-14,175.0,179.0,188,193
2012-12-15,176.0,180.0,188,188
2012-12-16,177.0,180.0,188,188
2012-12-17,178.0,181.0,188,191
2012-12-18,178.0,182.0,191,198
2012-12-19,179.0,183.0,187,200
2012-12-20,180.0,184.0,188,192
2012-12-21,181.0,185.0,182,189
2012-12-22,182.0,186.0,182,182
2012-12-23,182.0,186.0,182,182
2012-12-24,183.0,187.0,182,182
2012-12-25,183.0,187.0,182,182
2012-12-26,183.0,187.0,176,183
2012-12-27,183.0,187.0,172,176
2012-12-28,183.0,187.0,171,175
2012-12-29,183.0,187.0,171,171
2012-12-30,183.0,186.0,171,171
2012-12-31,183.0,186.0,170,171
2013-01-01,182.0,186.0,170,170
2013-01-02,182.0,185.0,170,171
2013-01-03,182.0,185.0,165,170
2013-01-04,181.0,184.0,162,166
2013-01-05,180.0,183.0,162,162
2013-01-06,179.0,182.0,162,162
2013-01-07,178.0,181.0,165,166
2013-01-08,178.0,181.0,169,170
2013-01-09,177.0,180.0,169,172
2013-01-10,177.0,179.0,170,175
2013-01-11,176.0,179.0,165,172
2013-01-12,175.0,178.0,165,165
2013-01-13,174.0,177.0,165,165
2013-01-14,174.0,176.0,165,166
2013-01-15,173.0,175.0,161,165
2013-01-16,172.0,175.0,164,169
2013-01-17,171.0,174.0,168,175
2013-01-18,170.0,173.0,168,172
2013-01-19,170.0,172.0,168,168
2013-01-20,169.0,172.0,169,169
2013-01-21,169.0,171.0,168,169
2013-01-22,169.0,171.0,171,173
2013-01-23,168.0,171.0,167,175
2013-01-24,168.0,170.0,166,171
2013-01-25,167.0,170.0,161,167
2013-01-26,167.0,169.0,161,161
2013-01-27,166.0,169.0,161,161
2013-01-28,166.0,168.0,156,163
2013-01-29,165.0,168.0,150,159
2013-01-30,164.0,167.0,149,152
2013-01-31,164.0,167.0,149,153
2013-02-01,163.0,166.0,147,152
2013-02-02,162.0,165.0,147,147
2013-02-03,162.0,165.0,147,147
2013-02-04,161.0,164.0,145,150
2013-02-05,161.0,164.0,148,148
2013-02-06,160.0,164.0,154,156
2013-02-07,160.0,163.0,159,161
2013-02-08,160.0,163.0,156,165
2013-02-09,159.0,162.0,156,156
2013-02-10,159.0,162.0,156,156
2013-02-11,159.0,162.0,158,160
2013-02-12,158.0,162.0,158,160
2013-02-13,158.0,161.0,159,164
2013-02-14,158.0,161.0,153,162
2013-02-15,158.0,161.0,158,159
2013-02-16,157.0,160.0,158,158
2013-02-17,157.0,160.0,158,158
2013-02-18,157.0,160.0,157,158
2013-02-19,156.0,159.0,152,160
2013-02-20,156.0,159.0,148,153
2013-02-21,155.0,158.0,147,153
2013-02-22,154.0,157.0,143,152
2013-02-23,153.0,156.0,143,143
2013-02-24,153.0,156.0,143,143
2013-02-25,152.0,155.0,133,143
2013-02-26,150.0,154.0,125,136
2013-02-27,149.0,153.0,123,129
2013-02-28,148.0,152.0,117,126
2013-03-01,147.0,151.0,121,125
2013-03-02,146.0,150.0,121,121
2013-03-03,145.0,149.0,121,121
2013-03-04,145.0,148.0,121,123
2013-03-05,144.0,148.0,126,126
2013-03-06,143.0,147.0,122,129
2013-03-07,142.0,146.0,124,125
2013-03-08,141.0,145.0,121,125
2013-03-09,140.0,144.0,121,121
2013-03-10,139.0,142.0,121,121
2013-03-11,138.0,141.0,123,124
2013-03-12,137.0,140.0,123,126
2013-03-13,135.0,139.0,123,125
2013-03-14,134.0,138.0,120,125
2013-03-15,133.0,136.0,116,121
2013-03-16,132.0,135.0,116,116
2013-03-17,130.0,133.0,116,116
2013-03-18,129.0,132.0,121,123
2013-03-19,128.0,131.0,123,126
2013-03-20,126.0,130.0,121,123
2013-03-21,126.0,129.0,123,124
2013-03-22,125.0,128.0,126,128
2013-03-23,124.0,127.0,126,126
2013-03-24,124.0,126.0,126,127
2013-03-25,123.0,126.0,124,128
2013-03-26,122.0,125.0,130,133
2013-03-27,122.0,125.0,131,134
2013-03-28,123.0,125.0,133,135
2013-03-29,123.0,125.0,135,138
2013-03-30,124.0,126.0,135,135
2013-03-31,124.0,126.0,135,135
2013-04-01,125.0,127.0,137,139
2013-04-02,126.0,128.0,146,151
2013-04-03,127.0,129.0,156,158
2013-04-04,128.0,130.0,159,163
2013-04-05,129.0,131.0,166,172
2013-04-06,131.0,134.0,189,189
2013-04-07,134.0,136.0,207,207
2013-04-08,136.0,139.0,176,210
2013-04-09,138.0,142.0,176,192
2013-04-10,140.0,144.0,184,187
2013-04-11,142.0,146.0,186,189
2013-04-12,144.0,148.0,186,191
2013-04-13,146.0,150.0,186,186
2013-04-14,149.0,152.0,186,186
2013-04-15,151.0,155.0,186,190
2013-04-16,153.0,157.0,184,193
2013-04-17,155.0,159.0,177,187
2013-04-18,157.0,161.0,170,180
2013-04-19,158.0,163.0,166,174
2013-04-20,160.0,164.0,166,166
2013-04-21,161.0,166.0,166,166
2013-04-22,162.0,167.0,166,169
2013-04-23,164.0,168.0,167,172
2013-04-24,165.0,170.0,170,181
2013-04-25,166.0,172.0,166,175
2013-04-26,168.0,173.0,167,170
2013-04-27,169.0,174.0,167,167
2013-04-28,170.0,175.0,167,167
2013-04-29,171.0,176.0,170,171
2013-04-30,172.0,177.0,167,173
2013-05-01,173.0,179.0,170,174
2013-05-02,174.0,179.0,174,176
2013-05-03,175.0,180.0,178,180
2013-05-04,175.0,181.0,178,178
2013-05-05,176.0,181.0,178,178
2013-05-06,176.0,181.0,182,184
2013-05-07,175.0,180.0,184,188
2013-05-08,175.0,179.0,183,189
2013-05-09,175.0,179.0,184,187
2013-05-10,175.0,179.0,183,189
2013-05-11,175.0,179.0,183,183
2013-05-12,175.0,179.0,183,183
2013-05-13,175.0,179.0,173,185
2013-05-14,174.0,178.0,173,178
2013-05-15,174.0,178.0,170,176
2013-05-16,173.0,177.0,168,172
2013-05-17,173.0,177.0,164,170
2013-05-18,173.0,176.0,164,164
2013-05-19,172.0,176.0,164,164
2013-05-20,172.0,176.0,166,169
2013-05-21,172.0,176.0,166,172
2013-05-22,172.0,176.0,159,167
2013-05-23,172.0,176.0,162,164
2013-05-24,172.0,175.0,160,166
2013-05-25,172.0,175.0,160,160
2013-05-26,171.0,174.0,160,160
2013-05-27,171.0,174.0,160,160
2013-05-28,171.0,174.0,157,164
2013-05-29,170.0,174.0,161,166
2013-05-30,170.0,174.0,157,165
2013-05-31,170.0,173.0,155,163
2013-06-01,169.0,173.0,155,155
2013-06-02,168.0,172.0,155,155
2013-06-03,167.0,171.0,149,159
2013-06-04,166.0,170.0,147,152
2013-06-05,165.0,169.0,150,151
2013-06-06,164.0,168.0,156,159
2013-06-07,163.0,167.0,144,160
2013-06-08,162.0,166.0,144,144
2013-06-09,160.0,164.0,144,144
2013-06-10,159.0,163.0,138,145
2013-06-11,157.0,162.0,135,139
2013-06-12,155.0,160.0,118,135
2013-06-13,153.0,158.0,104,118
2013-06-14,150.0,156.0,93,110
2013-06-15,148.0,153.0,93,93
2013-06-16,146.0,151.0,93,93
2013-06-17,143.0,148.0,90,93
2013-06-18,141.0,146.0,90,92
2013-06-19,138.0,143.0,88,91
2013-06-20,136.0,140.0,88,89
2013-06-21,133.0,138.0,82,88
2013-06-22,130.0,135.0,82,82
2013-06-23,128.0,132.0,82,82
2013-06-24,125.0,130.0,80,84
2013-06-25,123.0,127.0,87,87
2013-06-26,120.0,125.0,96,96
2013-06-27,118.0,123.0,96,99
2013-06-28,116.0,121.0,93,97
2013-06-29,114.0,118.0,93,93
2013-06-30,112.0,116.0,93,93
2013-07-01,110.0,114.0,99,99
2013-07-02,108.0,112.0,103,103
2013-07-03,107.0,111.0,110,112
2013-07-04,106.0,109.0,110,110
2013-07-05,104.0,108.0,93,112
2013-07-06,102.0,106.0,93,93
2013-07-07,100.0,104.0,93,93
2013-07-08,98.0,102.0,92,93
2013-07-09,97.0,100.0,92,92
2013-07-10,95.0,98.0,87,92
2013-07-11,93.0,97.0,81,87
2013-07-12,92.0,95.0,78,91
2013-07-13,91.0,94.0,78,78
2013-07-14,90.0,93.0,78,78
2013-07-15,90.0,93.0,85,87
2013-07-16,91.0,93.0,104,109
2013-07-17,91.0,94.0,113,115
2013-07-18,92.0,95.0,116,117
2013-07-19,93.0,96.0,119,123
2013-07-20,94.0,97.0,119,119
2013-07-21,95.0,98.0,119,119
2013-07-22,97.0,99.0,116,121
2013-07-23,98.0,100.0,118,118
2013-07-24,99.0,102.0,114,119
2013-07-25,100.0,103.0,114,118
2013-07-26,100.0,104.0,116,127
2013-07-27,101.0,104.0,116,116
2013-07-28,102.0,105.0,116,116
2013-07-29,103.0,106.0,114,117
2013-07-30,103.0,106.0,114,115
2013-07-31,104.0,107.0,110,119
2013-08-01,104.0,107.0,109,111
2013-08-02,104.0,107.0,109,118
2013-08-03,104.0,107.0,109,109
2013-08-04,104.0,107.0,109,109
2013-08-05,105.0,108.0,107,112
2013-08-06,105.0,108.0,107,109
2013-08-07,106.0,109.0,103,111
2013-08-08,106.0,109.0,100,104
2013-08-09,106.0,110.0,104,114
2013-08-10,107.0,111.0,104,104
2013-08-11,108.0,111.0,104,104
2013-08-12,109.0,112.0,103,106
2013-08-13,110.0,113.0,102,103
2013-08-14,110.0,114.0,105,107
2013-08-15,111.0,114.0,120,121
2013-08-16,111.0,114.0,118,121
2013-08-17,111.0,114.0,118,118
2013-08-18,111.0,114.0,118,118
2013-08-19,111.0,114.0,119,120
2013-08-20,111.0,114.0,119,121
2013-08-21,111.0,114.0,118,120
2013-08-22,111.0,114.0,110,118
2013-08-23,111.0,114.0,108,111
2013-08-24,111.0,114.0,108,108
2013-08-25,110.0,113.0,108,108
2013-08-26,110.0,113.0,108,110
2013-08-27,110.0,113.0,108,112
2013-08-28,110.0,112.0,106,108
2013-08-29,109.0,112.0,110,113
2013-08-30,109.0,112.0,113,113
2013-08-31,110.0,112.0,113,113
2013-09-01,110.0,112.0,113,113
2013-09-02,110.0,112.0,113,113
2013-09-03,110.0,112.0,112,116
2013-09-04,110.0,112.0,107,113
2013-09-05,110.0,112.0,105,108
2013-09-06,110.0,112.0,104,108
2013-09-07,110.0,112.0,104,104
2013-09-08,110.0,112.0,104,104
2013-09-09,110.0,112.0,107,110
2013-09-10,110.0,112.0,103,107
2013-09-11,110.0,112.0,104,106
2013-09-12,110.0,112.0,104,105
2013-09-13,110.0,112.0,102,105
2013-09-14,110.0,112.0,102,102
2013-09-15,109.0,111.0,102,102
2013-09-16,108.0,110.0,99,104
2013-09-17,108.0,110.0,97,99
2013-09-18,107.0,109.0,97,98
2013-09-19,106.0,108.0,96,99
2013-09-20,106.0,108.0,98,101
2013-09-21,105.0,107.0,98,98
2013-09-22,105.0,107.0,98,98
2013-09-23,104.0,106.0,95,99
2013-09-24,104.0,106.0,97,100
2013-09-25,104.0,106.0,104,105
2013-09-26,104.0,106.0,99,104
2013-09-27,103.0,105.0,100,103
2013-09-28,103.0,105.0,100,100
2013-09-29,103.0,105.0,100,100
2013-09-30,102.0,104.0,98,100
2013-10-01,101.0,104.0,93,96
2013-10-02,101.0,103.0,93,95
2013-10-03,100.0,102.0,94,97
2013-10-04,100.0,102.0,98,99
2013-10-05,100.0,102.0,98,98
2013-10-06,99.0,101.0,98,98
2013-10-07,99.0,101.0,95,99
2013-10-08,99.0,101.0,97,98
2013-10-09,99.0,101.0,98,106
2013-10-10,99.0,101.0,102,106
2013-10-11,99.0,101.0,115,117
2013-10-12,99.0,101.0,115,116
2013-10-13,100.0,102.0,115,115
2013-10-14,100.0,102.0,115,115
2013-10-15,100.0,103.0,109,115
2013-10-16,101.0,103.0,108,112
2013-10-17,101.0,103.0,104,108
2013-10-18,101.0,103.0,102,104
2013-10-19,101.0,103.0,102,102
2013-10-20,101.0,104.0,77,102
2013-10-21,99.0,103.0,44,78
2013-10-22,96.0,101.0,9,46
2013-10-23,93.0,98.0,6,10
2013-10-24,90.0,95.0,2,8
2013-10-25,86.0,92.0,0,2
2013-10-26,83.0,88.0,0,0
2013-10-27,80.0,85.0,0,0
2013-10-28,76.0,81.0,0,0
2013-10-29,73.0,78.0,0,0
2013-10-30,70.0,75.0,0,0
2013-10-31,67.0,72.0,0,0
2013-11-01,63.0,68.0,0,0
2013-11-02,60.0,65.0,0,0
2013-11-03,57.0,62.0,0,0
2013-11-04,54.0,59.0,0,0
2013-11-05,50.0,55.0,0,0
2013-11-06,47.0,52.0,0,0
2013-11-07,44.0,49.0,0,0
2013-11-08,41.0,45.0,0,0
2013-11-09,37.0,42.0,0,0
2013-11-10,34.0,38.0,0,0
2013-11-11,30.0,34.0,0,0
2013-11-12,26.0,30.0,0,0
2013-11-13,22.0,26.0,0,0
2013-11-14,18.0,22.0,0,0
2013-11-15,15.0,19.0,0,0
2013-11-16,11.0,15.0,0,0
2013-11-17,8.0,12.0,0,0
2013-11-18,5.0,8.0,1,1
2013-11-19,2.0,5.0,0,1
2013-11-20,1.0,2.0,0,0
2013-11-21,0.0,1.0,0,0
2013-11-22,0.0,0.0,0,0
2013-11-23,0.0,0.0,0,0
2013-11-24,0.0,0.0,0,0
2013-11-25,0.0,0.0,0,0
2013-11-26,0.0,0.0,0,0
2013-11-27,0.0,0.0,0,0
2013-11-28,0.0,0.0,0,0
2013-11-29,0.0,0.0,0,0
2013-11-30,0.0,0.0,0,0
2013-12-01,0.0,0.0,0,0
2013-12-02,0.0,0.0,0,0
2013-12-03,0.0,0.0,0,0
2013-12-04,0.0,0.0,0,0
2013-12-05,0.0,0.0,0,0
2013-12-06,0.0,0.0,0,0
2013-12-07,0.0,0.0,0,0
2013-12-08,0.0,0.0,0,0
2013-12-09,0.0,0.0,0,0
2013-12-10,0.0,0.0,0,0
2013-12-11,0.0,0.0,0,0
2013-12-12,0.0,0.0,0,0
2013-12-13,0.0,0.0,0,0
2013-12-14,0.0,0.0,0,0
2013-12-15,0.0,0.0,0,0
2013-12-16,0.0,0.0,0,0
2013-12-17,0.0,0.0,0,0
2013-12-18,0.0,0.0,0,0
2013-12-19,0.0,0.0,0,0
2013-12-20,0.0,0.0,0,0
2013-12-21,0.0,0.0,0,0
2013-12-22,0.0,0.0,0,0
2013-12-23,0.0,0.0,0,0
2013-12-24,0.0,0.0,0,0
2013-12-25,0.0,0.0,0,0
2013-12-26,0.0,0.0,0,0
2013-12-27,0.0,0.0,0,0
2013-12-28,0.0,0.0,0,0
2013-12-29,0.0,0.0,0,0
2013-12-30,0.0,0.0,0,0
2013-12-31,0.0,0.0,0,0
2014-01-01,0.0,0.0,0,0
2014-01-02,0.0,0.0,0,0
2014-01-03,0.0,0.0,0,0
2014-01-04,0.0,0.0,0,0
2014-01-05,0.0,0.0,0,0
2014-01-06,0.0,0.0,0,0
2014-01-07,0.0,0.0,0,0
2014-01-08,0.0,0.0,0,0
2014-01-09,0.0,0.0,0,0
2014-01-10,0.0,0.0,0,0
2014-01-11,0.0,0.0,0,0
2014-01-12,0.0,0.0,0,0
2014-01-13,0.0,0.0,0,0
2014-01-14,0.0,0.0,0,0
2014-01-15,0.0,0.0,0,0
2014-01-16,0.0,0.0,0,0
2014-01-17,0.0,0.0,0,0
2014-01-18,0.0,0.0,0,0
2014-01-19,0.0,0.0,0,0
2014-01-20,0.0,0.0,0,0
2014-01-21,0.0,0.0,0,0
2014-01-22,0.0,0.0,0,0
2014-01-23,0.0,0.0,0,0
2014-01-24,0.0,0.0,0,0
2014-01-25,0.0,0.0,0,0
2014-01-26,0.0,0.0,0,0
2014-01-27,0.0,0.0,0,0
2014-01-28,0.0,0.0,0,0
2014-01-29,0.0,0.0,0,0
2014-01-30,0.0,0.0,0,0
2014-01-31,0.0,0.0,0,0
2014-02-01,0.0,0.0,0,0
2014-02-02,0.0,0.0,0,0
2014-02-03,0.0,0.0,0,0
2014-02-04,0.0,0.0,0,0
2014-02-05,0.0,0.0,0,0
2014-02-06,0.0,0.0,0,0
2014-02-07,0.0,0.0,0,0
2014-02-08,0.0,0.0,0,0
2014-02-09,0.0,0.0,0,0
2014-02-10,0.0,0.0,0,0
2014-02-11,0.0,0.0,0,0
2014-02-12,0.0,0.0,0,0
2014-02-13,0.0,0.0,0,0
2014-02-14,0.0,0.0,0,0
2014-02-15,0.0,0.0,0,0
2014-02-16,0.0,0.0,0,0
2014-02-17,0.0,0.0,0,0
2014-02-18,0.0,0.0,0,0
2014-02-19,0.0,0.0,0,0
2014-02-20,0.0,0.0,0,0
2014-02-21,0.0,0.0,0,0
2014-02-22,0.0,0.0,0,0
2014-02-23,0.0,0.0,0,0
2014-02-24,0.0,0.0,0,0
2014-02-25,0.0,0.0,0,0
2014-02-26,0.0,0.0,0,0
2014-02-27,0.0,0.0,0,0
2014-02-28,0.0,0.0,0,0
2014-03-01,0.0,0.0,0,0
2014-03-02,0.0,0.0,0,0
2014-03-03,0.0,0.0,0,0
2014-03-04,0.0,0.0,0,0
2014-03-05,0.0,0.0,0,0
2014-03-06,0.0,0.0,0,0
2014-03-07,0.0,0.0,0,0
2014-03-08,0.0,0.0,0,0
2014-03-09,0.0,0.0,0,0
2014-03-10,0.0,0.0,0,0
2014-03-11,0.0,0.0,0,0
2014-03-12,0.0,0.0,0,0
2014-03-13,0.0,0.0,0,0
2014-03-14,0.0,0.0,0,0
2014-03-15,0.0,0.0,0,0
2014-03-16,0.0,0.0,0,0
2014-03-17,0.0,0.0,0,0
2014-03-18,0.0,0.0,0,0
2014-03-19,0.0,0.0,0,0
2014-03-20,0.0,0.0,0,0
2014-03-21,0.0,0.0,0,0
2014-03-22,0.0,0.0,0,0
2014-03-23,0.0,0.0,0,0
2014-03-24,0.0,0.0,0,0
2014-03-25,0.0,0.0,0,0
2014-03-26,0.0,0.0,0,0
2014-03-27,0.0,0.0,0,0
2014-03-28,0.0,0.0,0,0
2014-03-29,0.0,0.0,0,0
2014-03-30,0.0,0.0,0,0
2014-03-31,0.0,0.0,0,0
2014-04-01,0.0,0.0,0,0
2014-04-02,0.0,0.0,0,0
2014-04-03,0.0,0.0,0,0
2014-04-04,0.0,0.0,0,0
2014-04-05,0.0,0.0,0,0
2014-04-06,0.0,0.0,0,0
2014-04-07,0.0,0.0,0,0
2014-04-08,0.0,0.0,0,0
2014-04-09,0.0,0.0,0,0
2014-04-10,0.0,0.0,0,0
2014-04-11,0.0,0.0,0,0
2014-04-12,0.0,0.0,0,0
2014-04-13,0.0,0.0,0,0
2014-04-14,0.0,0.0,0,0
2014-04-15,0.0,0.0,0,0
2014-04-16,0.0,0.0,0,0
2014-04-17,0.0,0.0,0,0
2014-04-18,0.0,0.0,0,0
2014-04-19,0.0,0.0,0,0
2014-04-20,0.0,0.0,0,0
2014-04-21,0.0,0.0,0,0
2014-04-22,0.0,0.0,0,0
2014-04-23,0.0,0.0,0,0
2014-04-24,0.0,0.0,0,0
2014-04-25,0.0,0.0,0,0
2014-04-26,0.0,0.0,0,0
2014-04-27,0.0,0.0,0,0
2014-04-28,0.0,0.0,0,0
2014-04-29,0.0,0.0,0,0
2014-04-30,0.0,0.0,0,0
2014-05-01,0.0,0.0,0,0
2014-05-02,0.0,0.0,0,0
2014-05-03,0.0,0.0,0,0
2014-05-04,0.0,0.0,0,0
2014-05-05,0.0,0.0,0,0
2014-05-06,0.0,0.0,0,0
2014-05-07,0.0,0.0,0,0
2014-05-08,0.0,0.0,0,0
2014-05-09,0.0,0.0,0,0
2014-05-10,0.0,0.0,0,0
2014-05-11,0.0,0.0,0,0
2014-05-12,0.0,0.0,0,0
2014-05-13,0.0,0.0,0,0
2014-05-14,0.0,0.0,0,0
2014-05-15,0.0,0.0,0,0
2014-05-16,0.0,0.0,0,0
2014-05-17,0.0,0.0,0,0
2014-05-18,0.0,0.0,0,0
2014-05-19,0.0,0.0,0,0
2014-05-20,0.0,0.0,0,0
2014-05-21,0.0,0.0,0,0
2014-05-22,0.0,0.0,0,0
2014-05-23,0.0,0.0,0,0
2014-05-24,0.0,0.0,0,0
2014-05-25,0.0,0.0,0,0
2014-05-26,0.0,0.0,0,0
2014-05-27,0.0,0.0,0,0
2014-05-28,0.0,0.0,0,1
2014-05-29,0.0,0.0,0,0
2014-05-30,0.0,0.0,0,0
2014-05-31,0.0,0.0,0,0
2014-06-01,0.0,0.0,0,0
2014-06-02,0.0,0.0,0,0
2014-06-03,0.0,0.0,0,0
2014-06-04,0.0,0.0,0,0
2014-06-05,0.0,0.0,0,0
2014-06-06,0.0,0.0,0,0
2014-06-07,0.0,0.0,0,0
2014-06-08,0.0,0.0,0,0
2014-06-09,0.0,0.0,0,0
2014-06-10,0.0,0.0,0,0
2014-06-11,0.0,0.0,0,2
2014-06-12,0.0,0.0,0,0
2014-06-13,0.0,0.0,0,0
2014-06-14,0.0,0.0,0,0
2014-06-15,0.0,0.0,0,0
2014-06-16,0.0,0.0,0,0
2014-06-17,0.0,0.0,0,0
2014-06-18,0.0,0.0,0,0
2014-06-19,0.0,0.0,0,0
2014-06-20,0.0,0.0,0,0
2014-06-21,0.0,0.0,0,0
2014-06-22,0.0,0.0,0,0
2014-06-23,0.0,0.0,0,0
2014-06-24,0.0,0.0,0,0
2014-06-25,0.0,0.0,0,0
2014-06-26,0.0,0.0,0,0
2014-06-27,0.0,0.0,0,0
2014-06-28,0.0,0.0,0,0
2014-06-29,0.0,0.0,0,0
2014-06-30,0.0,0.0,0,0
2014-07-01,0.0,0.0,0,0
2014-07-02,0.0,0.0,0,0
2014-07-03,0.0,0.0,0,0
2014-07-04,0.0,0.0,0,0
2014-07-05,0.0,0.0,0,0
2014-07-06,0.0,0.0,0,0
2014-07-07,0.0,0.0,0,0
2014-07-08,0.0,0.0,0,0
2014-07-09,0.0,0.0,0,0
2014-07-10,0.0,0.0,0,0
2014-07-11,0.0,0.0,0,0
2014-07-12,0.0,0.0,0,0
2014-07-13,0.0,0.0,0,0
2014-07-14,0.0,0.0,0,0
2014-07-15,0.0,0.0,0,0
2014-07-16,0.0,0.0,0,0
2014-07-17,0.0,0.0,0,0
2014-07-18,0.0,0.0,0,0
2014-07-19,0.0,0.0,0,0
2014-07-20,0.0,0.0,0,0
2014-07-21,0.0,0.0,0,0
2014-07-22,0.0,0.0,0,0
2014-07-23,0.0,0.0,0,0
2014-07-24,0.0,0.0,0,0
2014-07-25,0.0,0.0,0,0
2014-07-26,0.0,0.0,0,0
2014-07-27,0.0,0.0,0,0
2014-07-28,0.0,0.0,0,0
2014-07-29,0.0,0.0,0,0
2014-07-30,0.0,0.0,0,0
2014-07-31,0.0,0.0,0,0
2014-08-01,0.0,0.0,1,1
2014-08-02,0.0,0.0,1,1
2014-08-03,0.0,0.0,1,1
2014-08-04,0.0,0.0,0,1
2014-08-05,0.0,0.0,1,2
2014-08-06,0.0,0.0,0,1
2014-08-07,0.0,0.0,1,1
2014-08-08,0.0,0.0,1,1
2014-08-09,0.0,0.0,1,1
2014-08-10,0.0,0.0,1,1
2014-08-11,0.0,0.0,0,1
2014-08-12,0.0,0.0,0,0
2014-08-13,0.0,0.0,0,0
2014-08-14,0.0,0.0,0,0
2014-08-15,0.0,0.0,1,1
2014-08-16,0.0,0.0,1,1
2014-08-17,0.0,0.0,1,1
2014-08-18,0.0,1.0,0,1
2014-08-19,0.0,1.0,0,0
2014-08-20,0.0,1.0,0,0
2014-08-21,0.0,1.0,0,1
2014-08-22,0.0,1.0,0,0
2014-08-23,0.0,1.0,0,0
2014-08-24,0.0,1.0,0,0
2014-08-25,0.0,1.0,0,0
2014-08-26,0.0,1.0,0,0
2014-08-27,0.0,1.0,0,0
2014-08-28,0.0,1.0,0,0
2014-08-29,0.0,1.0,0,0
2014-08-30,0.0,1.0,0,0
2014-08-31,0.0,1.0,0,0
2014-09-01,0.0,0.0,0,0
2014-09-02,0.0,0.0,0,0
2014-09-03,0.0,0.0,0,0
2014-09-04,0.0,0.0,0,0
2014-09-05,0.0,0.0,0,0
2014-09-06,0.0,0.0,0,0
2014-09-07,0.0,0.0,0,0
2014-09-08,0.0,0.0,0,0
2014-09-09,0.0,0.0,0,1
2014-09-10,0.0,0.0,0,0
2014-09-11,0.0,0.0,0,0
2014-09-12,0.0,0.0,0,0
2014-09-13,0.0,0.0,0,0
2014-09-14,0.0,0.0,0,0
2014-09-15,0.0,0.0,0,0
2014-09-16,0.0,0.0,0,0
2014-09-17,0.0,0.0,0,0
2014-09-18,0.0,0.0,0,0
2014-09-19,0.0,0.0,0,0
2014-09-20,0.0,0.0,0,0
2014-09-21,0.0,0.0,0,0
2014-09-22,0.0,0.0,0,0
2014-09-23,0.0,0.0,0,0
2014-09-24,0.0,0.0,0,0
2014-09-25,0.0,0.0,0,0
2014-09-26,0.0,0.0,0,0
2014-09-27,0.0,0.0,0,0
2014-09-28,0.0,0.0,0,0
2014-09-29,0.0,0.0,0,0
2014-09-30,0.0,0.0,0,0
2014-10-01,0.0,0.0,0,0
2014-10-02,0.0,0.0,0,0
2014-10-03,0.0,0.0,0,0
2014-10-04,0.0,0.0,0,0
2014-10-05,0.0,0.0,0,0
2014-10-06,0.0,0.0,0,0
2014-10-07,0.0,0.0,0,0
2014-10-08,0.0,0.0,0,0
2014-10-09,0.0,0.0,0,0
2014-10-10,0.0,0.0,0,0
2014-10-11,0.0,0.0,0,0
2014-10-12,0.0,0.0,0,0
2014-10-13,0.0,0.0,0,0
2014-10-14,0.0,0.0,0,0
2014-10-15,0.0,0.0,0,0
2014-10-16,0.0,0.0,0,0
2014-10-17,0.0,0.0,0,0
2014-10-18,0.0,0.0,0,0
2014-10-19,0.0,0.0,0,0
2014-10-20,0.0,0.0,0,0
2014-10-21,0.0,0.0,0,0
2014-10-22,0.0,0.0,0,0
2014-10-23,0.0,0.0,0,0
2014-10-24,0.0,0.0,0,0
2014-10-25,0.0,0.0,0,0
2014-10-26,0.0,0.0,0,0
2014-10-27,0.0,0.0,0,0
2014-10-28,0.0,0.0,1,1
2014-10-29,0.0,0.0,0,1
2014-10-30,0.0,0.0,0,0
2014-10-31,0.0,0.0,0,0
2014-11-01,0.0,0.0,0,0
2014-11-02,0.0,0.0,0,0
2014-11-03,0.0,0.0,0,0
2014-11-04,0.0,0.0,0,0
2014-11-05,0.0,0.0,0,0
2014-11-06,0.0,0.0,0,0
2014-11-07,0.0,0.0,0,0
2014-11-08,0.0,0.0,0,0
2014-11-09,0.0,0.0,0,0
2014-11-10,0.0,0.0,0,0
2014-11-11,0.0,0.0,0,0
2014-11-12,0.0,0.0,0,0
2014-11-13,0.0,0.0,0,0
2014-11-14,0.0,0.0,0,0
2014-11-15,0.0,0.0,0,0
2014-11-16,0.0,0.0,0,0
2014-11-17,0.0,0.0,0,0
2014-11-18,0.0,0.0,0,0
2014-11-19,0.0,0.0,0,0
2014-11-20,0.0,0.0,0,0
2014-11-21,0.0,0.0,0,0
2014-11-22,0.0,0.0,0,0
2014-11-23,0.0,0.0,0,0
2014-11-24,0.0,0.0,0,0
2014-11-25,0.0,0.0,0,0
2014-11-26,0.0,0.0,0,0
2014-11-27,0.0,0.0,0,0
2014-11-28,0.0,0.0,0,0
2014-11-29,0.0,0.0,0,0
2014-11-30,0.0,0.0,0,0
2014-12-01,0.0,0.0,0,0
2014-12-02,0.0,0.0,0,0
2014-12-03,0.0,0.0,0,0
2014-12-04,0.0,0.0,0,0
2014-12-05,0.0,0.0,0,0
2014-12-06,0.0,0.0,0,0
2014-12-07,0.0,0.0,0,0
2014-12-08,0.0,0.0,0,0
2014-12-09,0.0,0.0,0,0
2014-12-10,0.0,0.0,0,0
2014-12-11,0.0,0.0,0,0
2014-12-12,0.0,0.0,0,0
2014-12-13,0.0,0.0,0,0
2014-12-14,0.0,0.0,0,0
2014-12-15,0.0,0.0,0,0
2014-12-16,0.0,0.0,0,0
2014-12-17,0.0,0.0,0,0
2014-12-18,0.0,0.0,0,0
2014-12-19,0.0,0.0,0,0
2014-12-20,0.0,0.0,0,0
2014-12-21,0.0,0.0,0,0
2014-12-22,0.0,0.0,0,0
2014-12-23,0.0,0.0,0,0
2014-12-24,0.0,0.0,0,0
2014-12-25,0.0,0.0,0,0
2014-12-26,0.0,0.0,0,0
2014-12-27,0.0,0.0,0,0
2014-12-28,0.0,0.0,0,0
2014-12-29,0.0,0.0,0,0
2014-12-30,0.0,0.0,0,0
2014-12-31,0.0,0.0,0,0
2015-01-01,0.0,0.0,0,0
2015-01-02,0.0,0.0,0,0
2015-01-03,0.0,0.0,0,0
2015-01-04,0.0,0.0,0,0
2015-01-05,0.0,0.0,0,0
2015-01-06,0.0,0.0,0,0
2015-01-07,0.0,0.0,0,0
2015-01-08,0.0,0.0,0,0
2015-01-09,0.0,0.0,0,0
2015-01-10,0.0,0.0,0,0
2015-01-11,0.0,0.0,0,0
2015-01-12,0.0,0.0,0,0
2015-01-13,0.0,0.0,0,0
2015-01-14,0.0,0.0,0,0
2015-01-15,0.0,0.0,0,0
2015-01-16,0.0,0.0,0,0
2015-01-17,0.0,0.0,0,0
2015-01-18,0.0,0.0,0,0
2015-01-19,0.0,0.0,0,0
2015-01-20,0.0,0.0,0,0
2015-01-21,0.0,0.0,0,0
2015-01-22,0.0,0.0,0,0
2015-01-23,0.0,0.0,0,0
2015-01-24,0.0,0.0,0,0
2015-01-25,0.0,0.0,0,0
2015-01-26,0.0,0.0,0,0
2015-01-27,0.0,0.0,0,0
2015-01-28,0.0,0.0,0,0
2015-01-29,0.0,0.0,0,0
2015-01-30,0.0,0.0,0,0
2015-01-31,0.0,0.0,0,0
2015-02-01,0.0,0.0,0,0
2015-02-02,0.0,0.0,0,0
2015-02-03,0.0,0.0,0,0
2015-02-04,0.0,0.0,0,0
2015-02-05,0.0,0.0,0,0
2015-02-06,0.0,0.0,0,0
2015-02-07,0.0,0.0,0,0
2015-02-08,0.0,0.0,0,0
2015-02-09,0.0,0.0,0,0
2015-02-10,0.0,0.0,0,0
2015-02-11,0.0,0.0,0,0
2015-02-12,0.0,0.0,0,0
2015-02-13,0.0,0.0,0,0
2015-02-14,0.0,0.0,0,0
2015-02-15,0.0,0.0,0,0
2015-02-16,0.0,0.0,0,0
2015-02-17,0.0,0.0,0,0
2015-02-18,0.0,0.0,0,0
2015-02-19,0.0,0.0,0,0
2015-02-20,0.0,0.0,0,0
2015-02-21,0.0,0.0,0,0
2015-02-22,0.0,0.0,0,0
2015-02-23,0.0,0.0,0,0
2015-02-24,0.0,0.0,0,0
2015-02-25,0.0,0.0,0,0
2015-02-26,0.0,0.0,0,0
2015-02-27,0.0,0.0,0,0
2015-02-28,0.0,0.0,0,0
2015-03-01,0.0,0.0,0,0
2015-03-02,0.0,0.0,0,0
2015-03-03,0.0,0.0,0,0
2015-03-04,0.0,0.0,0,0
2015-03-05,0.0,0.0,0,0
2015-03-06,0.0,0.0,0,0
2015-03-07,0.0,0.0,0,0
2015-03-08,0.0,0.0,0,0
2015-03-09,0.0,0.0,0,0
2015-03-10,0.0,0.0,0,0
2015-03-11,0.0,0.0,0,0
2015-03-12,0.0,0.0,0,0
2015-03-13,0.0,0.0,0,0
2015-03-14,0.0,0.0,0,0
2015-03-15,0.0,0.0,0,0
2015-03-16,0.0,0.0,0,0
2015-03-17,0.0,0.0,0,0
2015-03-18,0.0,0.0,0,0
2015-03-19,0.0,0.0,0,0
2015-03-20,0.0,0.0,0,0
2015-03-21,0.0,0.0,0,0
2015-03-22,0.0,0.0,0,0
2015-03-23,0.0,0.0,0,0
2015-03-24,0.0,0.0,0,0
2015-03-25,0.0,0.0,0,0
2015-03-26,0.0,0.0,0,0
2015-03-27,0.0,0.0,0,0
2015-03-28,0.0,0.0,0,0
2015-03-29,0.0,0.0,0,0
2015-03-30,0.0,0.0,0,0
2015-03-31,0.0,0.0,0,0
2015-04-01,0.0,0.0,0,0
2015-04-02,0.0,0.0,0,0
2015-04-03,0.0,0.0,0,0
2015-04-04,0.0,0.0,0,0
2015-04-05,0.0,0.0,0,0
2015-04-06,0.0,0.0,0,0
2015-04-07,0.0,0.0,0,0
2015-04-08,0.0,0.0,0,0
2015-04-09,0.0,0.0,0,0
2015-04-10,0.0,0.0,0,0
2015-04-11,0.0,0.0,0,0
2015-04-12,0.0,0.0,0,0
2015-04-13,0.0,0.0,0,0
2015-04-14,0.0,0.0,0,0
2015-04-15,0.0,0.0,0,0
2015-04-16,0.0,0.0,0,0
2015-04-17,0.0,0.0,0,0
2015-04-18,0.0,0.0,0,0
2015-04-19,0.0,0.0,0,0
2015-04-20,0.0,0.0,0,0
2015-04-21,0.0,0.0,0,0
2015-04-22,0.0,0.0,0,0
2015-04-23,0.0,0.0,0,0
2015-04-24,0.0,0.0,0,0
2015-04-25,0.0,0.0,0,0
2015-04-26,0.0,0.0,0,0
2015-04-27,0.0,0.0,0,0
2015-04-28,0.0,0.0,0,0
2015-04-29,0.0,0.0,0,0
2015-04-30,0.0,0.0,0,0
2015-05-01,0.0,0.0,0,0
2015-05-02,0.0,0.0,0,0
2015-05-03,0.0,0.0,0,0
2015-05-04,0.0,0.0,0,0
2015-05-05,0.0,0.0,0,0
2015-05-06,0.0,0.0,0,0
2015-05-07,0.0,0.0,0,0
2015-05-08,0.0,0.0,0,0
2015-05-09,0.0,0.0,0,0
2015-05-10,0.0,0.0,0,0
2015-05-11,0.0,0.0,0,0
2015-05-12,0.0,0.0,0,0
2015-05-13,0.0,0.0,0,0
2015-05-14,0.0,0.0,0,0
2015-05-15,0.0,0.0,0,0
2015-05-16,0.0,0.0,0,0
2015-05-17,0.0,0.0,0,0
2015-05-18,0.0,0.0,0,0
2015-05-19,0.0,0.0,0,0
2015-05-20,0.0,0.0,0,0
2015-05-21,0.0,0.0,0,0
2015-05-22,0.0,0.0,1,1
2015-05-23,0.0,0.0,1,1
2015-05-24,0.0,0.0,1,1
2015-05-25,0.0,0.0,1,1
2015-05-26,0.0,0.0,0,1
2015-05-27,0.0,0.0,0,0
2015-05-28,0.0,0.0,0,0
2015-05-29,0.0,0.0,0,0
2015-05-30,0.0,0.0,0,0
2015-05-31,0.0,0.0,0,0
2015-06-01,0.0,0.0,0,0
2015-06-02,0.0,0.0,0,0
2015-06-03,0.0,0.0,0,0
2015-06-04,0.0,0.0,0,0
2015-06-05,0.0,0.0,0,0
2015-06-06,0.0,0.0,0,0
2015-06-07,0.0,0.0,0,0
2015-06-08,0.0,0.0,0,0
2015-06-09,0.0,0.0,0,0
2015-06-10,0.0,0.0,0,0
2015-06-11,0.0,0.0,0,0
2015-06-12,0.0,0.0,0,0
2015-06-13,0.0,0.0,0,0
2015-06-14,0.0,0.0,0,0
2015-06-15,0.0,0.0,0,0
2015-06-16,0.0,0.0,0,0
2015-06-17,0.0,0.0,0,0
2015-06-18,0.0,0.0,0,0
2015-06-19,0.0,0.0,0,0
2015-06-20,0.0,0.0,0,0
2015-06-21,0.0,0.0,0,0
2015-06-22,0.0,0.0,0,0
2015-06-23,0.0,0.0,0,0
2015-06-24,0.0,0.0,0,0
2015-06-25,0.0,0.0,0,0
2015-06-26,0.0,0.0,0,0
2015-06-27,0.0,0.0,0,0
2015-06-28,0.0,0.0,0,0
2015-06-29,0.0,0.0,0,0
2015-06-30,0.0,0.0,0,0
2015-07-01,0.0,0.0,0,0
2015-07-02,0.0,0.0,0,0
2015-07-03,0.0,0.0,0,0
2015-07-04,0.0,0.0,0,0
2015-07-05,0.0,0.0,0,0
2015-07-06,0.0,0.0,0,0
2015-07-07,0.0,0.0,0,0
2015-07-08,0.0,0.0,0,0
2015-07-09,0.0,0.0,0,0
2015-07-10,0.0,0.0,0,0
2015-07-11,0.0,0.0,0,0
2015-07-12,0.0,0.0,0,0
2015-07-13,0.0,0.0,0,0
2015-07-14,0.0,0.0,0,0
2015-07-15,0.0,0.0,0,0
2015-07-16,0.0,0.0,0,0
2015-07-17,0.0,0.0,0,1
2015-07-18,0.0,0.0,0,0
2015-07-19,0.0,0.0,0,0
2015-07-20,0.0,0.0,0,0
2015-07-21,0.0,0.0,0,0
2015-07-22,0.0,0.0,0,0
2015-07-23,0.0,0.0,0,0
2015-07-24,0.0,0.0,0,0
2015-07-25,0.0,0.0,0,0
2015-07-26,0.0,0.0,0,0
2015-07-27,0.0,0.0,0,0
2015-07-28,0.0,0.0,0,0
2015-07-29,0.0,0.0,0,0
2015-07-30,0.0,0.0,0,0
2015-07-31,0.0,0.0,0,0
2015-08-01,0.0,0.0,0,0
2015-08-02,0.0,0.0,0,0
2015-08-03,0.0,0.0,0,0
2015-08-04,0.0,0.0,0,0
2015-08-05,0.0,0.0,0,0
2015-08-06,0.0,0.0,0,0
2015-08-07,0.0,0.0,0,0
2015-08-08,0.0,0.0,0,0
2015-08-09,0.0,0.0,0,0
2015-08-10,0.0,0.0,0,0
2015-08-11,0.0,0.0,0,0
2015-08-12,0.0,0.0,0,0
2015-08-13,0.0,0.0,0,0
2015-08-14,0.0,0.0,0,0
2015-08-15,0.0,0.0,0,0
2015-08-16,0.0,0.0,0,0
2015-08-17,0.0,0.0,0,0
2015-08-18,0.0,0.0,0,0
2015-08-19,0.0,0.0,0,0
2015-08-20,0.0,0.0,0,0
2015-08-21,0.0,0.0,0,0
2015-08-22,0.0,0.0,0,0
2015-08-23,0.0,0.0,0,0
2015-08-24,0.0,0.0,0,0
2015-08-25,0.0,0.0,0,0
2015-08-26,0.0,0.0,0,0
2015-08-27,0.0,0.0,0,0
2015-08-28,0.0,0.0,0,0
2015-08-29,0.0,0.0,0,0
2015-08-30,0.0,0.0,0,0
2015-08-31,0.0,0.0,0,0
2015-09-01,0.0,0.0,0,0
2015-09-02,0.0,0.0,0,0
2015-09-03,0.0,0.0,0,0
2015-09-04,0.0,0.0,0,0
2015-09-05,0.0,0.0,0,0
2015-09-06,0.0,0.0,0,0
2015-09-07,0.0,0.0,0,0
2015-09-08,0.0,0.0,0,0
2015-09-09,0.0,0.0,0,0
2015-09-10,0.0,0.0,0,0
2015-09-11,0.0,0.0,0,0
2015-09-12,0.0,0.0,0,0
2015-09-13,0.0,0.0,0,0
2015-09-14,0.0,0.0,0,0
2015-09-15,0.0,0.0,0,0
2015-09-16,0.0,0.0,0,0
2015-09-17,0.0,0.0,0,0
2015-09-18,0.0,0.0,0,0
2015-09-19,0.0,0.0,0,0
2015-09-20,0.0,0.0,0,0
2015-09-21,0.0,0.0,0,0
2015-09-22,0.0,0.0,0,0
2015-09-23,0.0,0.0,0,0
2015-09-24,0.0,0.0,0,0
2015-09-25,0.0,0.0,0,0
2015-09-26,0.0,0.0,0,0
2015-09-27,0.0,0.0,0,0
2015-09-28,0.0,0.0,0,0
2015-09-29,0.0,0.0,0,0
2015-09-30,0.0,0.0,0,0
2015-10-01,0.0,0.0,0,0
2015-10-02,0.0,0.0,0,0
2015-10-03,0.0,0.0,0,0
2015-10-04,0.0,0.0,0,0
2015-10-05,0.0,0.0,0,0
2015-10-06,0.0,0.0,0,0
2015-10-07,0.0,0.0,0,0
2015-10-08,0.0,0.0,0,0
2015-10-09,0.0,0.0,0,0
2015-10-10,0.0,0.0,0,0
2015-10-11,0.0,0.0,0,0
2015-10-12,0.0,0.0,0,0
2015-10-13,0.0,0.0,0,0
2015-10-14,0.0,0.0,0,0
2015-10-15,0.0,0.0,0,0
2015-10-16,0.0,0.0,0,0
2015-10-17,0.0,0.0,0,0
2015-10-18,0.0,0.0,0,0
2015-10-19,0.0,0.0,0,0
2015-10-20,0.0,0.0,0,0
2015-10-21,0.0,0.0,0,0
2015-10-22,0.0,0.0,0,0
2015-10-23,0.0,0.0,0,0
2015-10-24,0.0,0.0,0,0
2015-10-25,0.0,0.0,0,0
2015-10-26,0.0,0.0,0,0
2015-10-27,0.0,0.0,0,0
2015-10-28,0.0,0.0,0,0
2015-10-29,0.0,0.0,0,0
2015-10-30,0.0,0.0,0,0
2015-10-31,0.0,0.0,0,0
2015-11-01,0.0,0.0,0,0
2015-11-02,0.0,0.0,0,0
2015-11-03,0.0,0.0,0,0
2015-11-04,0.0,0.0,0,0
2015-11-05,0.0,0.0,0,0
2015-11-06,0.0,0.0,0,0
2015-11-07,0.0,0.0,0,0
2015-11-08,0.0,0.0,0,0
2015-11-09,0.0,0.0,0,0
2015-11-10,0.0,0.0,0,0
2015-11-11,0.0,0.0,0,0
2015-11-12,0.0,0.0,0,0
2015-11-13,0.0,0.0,0,0
2015-11-14,0.0,0.0,0,0
2015-11-15,0.0,0.0,0,0
2015-11-16,0.0,0.0,0,0
2015-11-17,0.0,0.0,0,0
2015-11-18,0.0,0.0,0,0
2015-11-19,0.0,0.0,0,0
2015-11-20,0.0,0.0,0,0
2015-11-21,0.0,0.0,0,0
2015-11-22,0.0,0.0,0,0
2015-11-23,0.0,0.0,0,0
2015-11-24,0.0,0.0,0,0
2015-11-25,0.0,0.0,0,0
2015-11-26,0.0,0.0,0,0
2015-11-27,0.0,0.0,0,0
2015-11-28,0.0,0.0,0,0
2015-11-29,0.0,0.0,0,0
2015-11-30,0.0,0.0,0,0
2015-12-01,0.0,0.0,0,0
2015-12-02,0.0,0.0,0,0
2015-12-03,0.0,0.0,0,0
2015-12-04,0.0,0.0,0,0
2015-12-05,0.0,0.0,0,0
2015-12-06,0.0,0.0,0,0
2015-12-07,0.0,0.0,0,0
2015-12-08,0.0,0.0,0,0
2015-12-09,0.0,0.0,0,0
2015-12-10,0.0,0.0,0,0
2015-12-11,0.0,0.0,0,0
2015-12-12,0.0,0.0,0,0
2015-12-13,0.0,0.0,0,0
2015-12-14,0.0,0.0,0,0
2015-12-15,0.0,0.0,0,0
2015-12-16,0.0,0.0,0,0
2015-12-17,0.0,0.0,0,0
2015-12-18,0.0,0.0,0,0
2015-12-19,0.0,0.0,0,0
2015-12-20,0.0,0.0,0,0
2015-12-21,0.0,0.0,0,0
2015-12-22,0.0,0.0,0,0
2015-12-23,0.0,0.0,0,0
2015-12-24,0.0,0.0,0,0
2015-12-25,0.0,0.0,0,0
2015-12-26,0.0,0.0,0,0
2015-12-27,0.0,0.0,0,0
2015-12-28,0.0,0.0,0,0
2015-12-29,0.0,0.0,0,0
2015-12-30,0.0,0.0,0,0
2015-12-31,0.0,0.0,0,0
2016-01-01,0.0,0.0,0,0
2016-01-02,0.0,0.0,0,0
2016-01-03,0.0,0.0,0,0
2016-01-04,0.0,0.0,0,0
2016-01-05,0.0,0.0,0,0
2016-01-06,0.0,0.0,0,0
2016-01-07,0.0,0.0,0,0
2016-01-08,0.0,0.0,0,0
2016-01-09,0.0,0.0,0,0
2016-01-10,0.0,0.0,0,0
2016-01-11,0.0,0.0,0,0
2016-01-12,0.0,0.0,0,2
2016-01-13,0.0,0.0,0,0
2016-01-14,0.0,0.0,0,0
2016-01-15,0.0,0.0,0,0
2016-01-16,0.0,0.0,0,0
2016-01-17,0.0,0.0,0,0
2016-01-18,0.0,0.0,0,0
2016-01-19,0.0,0.0,0,0
2016-01-20,0.0,0.0,0,0
2016-01-21,0.0,0.0,0,0
2016-01-22,0.0,0.0,0,0
2016-01-23,0.0,0.0,0,0
2016-01-24,0.0,0.0,0,0
2016-01-25,0.0,0.0,0,0
2016-01-26,0.0,0.0,0,0
2016-01-27,0.0,0.0,0,0
2016-01-28,0.0,0.0,0,0
2016-01-29,0.0,0.0,0,0
2016-01-30,0.0,0.0,0,0
2016-01-31,0.0,0.0,0,0
2016-02-01,0.0,0.0,0,0
2016-02-02,0.0,0.0,0,0
2016-02-03,0.0,0.0,0,0
2016-02-04,0.0,0.0,0,0
2016-02-05,0.0,0.0,0,0
2016-02-06,0.0,0.0,0,0
2016-02-07,0.0,0.0,0,0
2016-02-08,0.0,0.0,0,0
2016-02-09,0.0,0.0,0,0
2016-02-10,0.0,0.0,0,0
2016-02-11,0.0,0.0,0,0
2016-02-12,0.0,0.0,0,0
2016-02-13,0.0,0.0,0,0
2016-02-14,0.0,0.0,0,0
2016-02-15,0.0,0.0,0,0
2016-02-16,0.0,0.0,0,0
2016-02-17,0.0,0.0,0,0
2016-02-18,0.0,0.0,0,0
2016-02-19,0.0,0.0,0,0
2016-02-20,0.0,0.0,0,0
2016-02-21,0.0,0.0,0,0
2016-02-22,0.0,0.0,0,0
2016-02-23,0.0,0.0,0,0
2016-02-24,0.0,0.0,0,0
2016-02-25,0.0,0.0,0,0
2016-02-26,0.0,0.0,0,0
2016-02-27,0.0,0.0,0,0
2016-02-28,0.0,0.0,0,0
2016-02-29,0.0,0.0,0,0
2016-03-01,0.0,0.0,0,0
2016-03-02,0.0,0.0,0,0
2016-03-03,0.0,0.0,0,0
2016-03-04,0.0,0.0,0,0
2016-03-05,0.0,0.0,0,0
2016-03-06,0.0,0.0,0,0
2016-03-07,0.0,0.0,0,0
2016-03-08,0.0,0.0,0,0
2016-03-09,0.0,0.0,0,0
2016-03-10,0.0,0.0,0,0
2016-03-11,0.0,0.0,0,0
2016-03-12,0.0,0.0,0,0
2016-03-13,0.0,0.0,0,0
2016-03-14,0.0,0.0,0,0
2016-03-15,0.0,0.0,0,0
2016-03-16,0.0,0.0,0,0
2016-03-17,0.0,0.0,0,0
2016-03-18,0.0,0.0,0,0
2016-03-19,0.0,0.0,0,0
2016-03-20,0.0,0.0,0,0
2016-03-21,0.0,0.0,0,0
2016-03-22,0.0,0.0,0,0
2016-03-23,0.0,0.0,0,0
2016-03-24,0.0,0.0,0,0
2016-03-25,0.0,0.0,0,0
2016-03-26,0.0,0.0,0,0
2016-03-27,0.0,0.0,0,0
2016-03-28,0.0,0.0,0,0
2016-03-29,0.0,0.0,0,0
2016-03-30,0.0,0.0,0,0
2016-03-31,0.0,0.0,0,0
2016-04-01,0.0,0.0,0,0
2016-04-02,0.0,0.0,0,0
2016-04-03,0.0,0.0,0,0
2016-04-04,0.0,0.0,0,0
2016-04-05,0.0,0.0,0,0
2016-04-06,0.0,0.0,0,0
2016-04-07,0.0,0.0,0,0
2016-04-08,0.0,0.0,0,0
2016-04-09,0.0,0.0,0,0
2016-04-10,0.0,0.0,0,0
2016-04-11,0.0,0.0,0,0
2016-04-12,0.0,0.0,0,0
2016-04-13,0.0,0.0,0,0
2016-04-14,0.0,0.0,0,0
2016-04-15,0.0,0.0,0,0
2016-04-16,0.0,0.0,0,0
2016-04-17,0.0,0.0,0,0
2016-04-18,0.0,0.0,0,0
2016-04-19,0.0,0.0,0,0
2016-04-20,0.0,0.0,0,0
2016-04-21,0.0,0.0,0,0
2016-04-22,0.0,0.0,0,0
2016-04-23,0.0,0.0,0,0
2016-04-24,0.0,0.0,0,0
2016-04-25,0.0,0.0,0,0
2016-04-26,0.0,0.0,0,0
2016-04-27,0.0,0.0,0,0
2016-04-28,0.0,0.0,0,0
2016-04-29,0.0,0.0,0,0
2016-04-30,0.0,0.0,0,0
2016-05-01,0.0,0.0,0,0
2016-05-02,0.0,0.0,0,0
2016-05-03,0.0,0.0,0,0
2016-05-04,0.0,0.0,0,0
2016-05-05,0.0,0.0,0,0
2016-05-06,0.0,0.0,0,0
2016-05-07,0.0,0.0,0,0
2016-05-08,0.0,0.0,0,0
2016-05-09,0.0,0.0,0,0
2016-05-10,0.0,0.0,0,0
2016-05-11,0.0,0.0,0,0
2016-05-12,0.0,0.0,0,0
2016-05-13,0.0,0.0,0,0
2016-05-14,0.0,0.0,0,0
2016-05-15,0.0,0.0,0,0
2016-05-16,0.0,0.0,0,0
2016-05-17,0.0,0.0,0,0
2016-05-18,0.0,0.0,0,0
2016-05-19,0.0,0.0,0,0
2016-05-20,0.0,0.0,0,0
2016-05-21,0.0,0.0,0,0
2016-05-22,0.0,0.0,0,0
2016-05-23,0.0,0.0,0,0
2016-05-24,0.0,0.0,0,0
2016-05-25,0.0,0.0,0,0
2016-05-26,0.0,0.0,0,0
2016-05-27,0.0,0.0,0,0
2016-05-28,0.0,0.0,0,0
2016-05-29,0.0,0.0,0,0
2016-05-30,0.0,0.0,0,0
2016-05-31,0.0,0.0,0,0
2016-06-01,0.0,0.0,0,0
2016-06-02,0.0,0.0,0,0
2016-06-03,0.0,0.0,0,0
2016-06-04,0.0,0.0,0,0
2016-06-05,0.0,0.0,0,0
2016-06-06,0.0,0.0,0,0
2016-06-07,0.0,0.0,0,0
2016-06-08,0.0,0.0,0,0
2016-06-09,0.0,0.0,0,0
2016-06-10,0.0,0.0,0,0
2016-06-11,0.0,0.0,0,0
2016-06-12,0.0,0.0,0,0
2016-06-13,0.0,0.0,0,0
2016-06-14,0.0,0.0,0,0
2016-06-15,0.0,0.0,0,0
2016-06-16,0.0,0.0,0,0
2016-06-17,0.0,0.0,0,0
2016-06-18,0.0,0.0,0,0
2016-06-19,0.0,0.0,0,0
2016-06-20,0.0,0.0,0,0
2016-06-21,0.0,0.0,0,0
2016-06-22,0.0,0.0,0,0
2016-06-23,0.0,0.0,0,0
2016-06-24,0.0,0.0,0,0
2016-06-25,0.0,0.0,0,0
2016-06-26,0.0,0.0,0,0
2016-06-27,0.0,0.0,0,0
2016-06-28,0.0,0.0,0,0
2016-06-29,0.0,0.0,0,0
2016-06-30,0.0,0.0,0,0
2016-07-01,0.0,0.0,0,0
2016-07-02,0.0,0.0,0,0
2016-07-03,0.0,0.0,0,0
2016-07-04,0.0,0.0,0,0
2016-07-05,0.0,0.0,0,0
2016-07-06,0.0,0.0,0,0
2016-07-07,0.0,0.0,0,0
2016-07-08,0.0,0.0,0,0
2016-07-09,0.0,0.0,0,0
2016-07-10,0.0,0.0,0,0
2016-07-11,0.0,0.0,0,0
2016-07-12,0.0,0.0,0,0
2016-07-13,0.0,0.0,0,0
2016-07-14,0.0,0.0,0,0
2016-07-15,0.0,0.0,0,0
2016-07-16,0.0,0.0,0,0
2016-07-17,0.0,0.0,0,0
2016-07-18,0.0,0.0,0,0
2016-07-19,0.0,0.0,0,0
2016-07-20,0.0,0.0,0,0
2016-07-21,0.0,0.0,0,0
2016-07-22,0.0,0.0,0,0
2016-07-23,0.0,0.0,0,0
2016-07-24,0.0,0.0,0,0
2016-07-25,0.0,0.0,0,0
2016-07-26,0.0,0.0,0,0
2016-07-27,0.0,0.0,0,0
2016-07-28,0.0,0.0,0,0
2016-07-29,0.0,0.0,0,0
2016-07-30,0.0,0.0,0,0
2016-07-31,0.0,0.0,0,0
2016-08-01,0.0,0.0,0,0
2016-08-02,0.0,0.0,0,0
2016-08-03,0.0,0.0,0,0
2016-08-04,0.0,0.0,0,0
2016-08-05,0.0,0.0,0,0
2016-08-06,0.0,0.0,0,0
2016-08-07,0.0,0.0,0,0
2016-08-08,0.0,0.0,0,0
2016-08-09,0.0,0.0,0,0
2016-08-10,0.0,0.0,0,0
2016-08-11,0.0,0.0,0,0
2016-08-12,0.0,0.0,0,0
2016-08-13,0.0,0.0,0,0
2016-08-14,0.0,0.0,0,0
2016-08-15,0.0,0.0,0,0
2016-08-16,0.0,0.0,0,0
2016-08-17,0.0,0.0,0,0
2016-08-18,0.0,0.0,0,0
2016-08-19,0.0,0.0,0,0
2016-08-20,0.0,0.0,0,0
2016-08-21,0.0,0.0,0,0
2016-08-22,0.0,0.0,0,0
2016-08-23,0.0,0.0,0,0
2016-08-24,0.0,0.0,0,0
2016-08-25,0.0,0.0,0,0
2016-08-26,0.0,0.0,0,0
2016-08-27,0.0,0.0,0,0
2016-08-28,0.0,0.0,0,0
2016-08-29,0.0,0.0,0,0
2016-08-30,0.0,0.0,0,0
2016-08-31,0.0,0.0,0,0
2016-09-01,0.0,0.0,0,0
2016-09-02,0.0,0.0,0,0
2016-09-03,0.0,0.0,0,0
2016-09-04,0.0,0.0,0,0
2016-09-05,0.0,0.0,0,0
2016-09-06,0.0,0.0,0,0
2016-09-07,0.0,0.0,0,0
2016-09-08,0.0,0.0,0,0
2016-09-09,0.0,0.0,0,0
2016-09-10,0.0,0.0,0,0
2016-09-11,0.0,0.0,0,0
2016-09-12,0.0,0.0,0,0
2016-09-13,0.0,0.0,0,0
2016-09-14,0.0,0.0,0,0
2016-09-15,0.0,0.0,0,0
2016-09-16,0.0,0.0,0,0
2016-09-17,0.0,0.0,0,0
2016-09-18,0.0,0.0,0,0
2016-09-19,0.0,0.0,0,0
2016-09-20,0.0,0.0,0,0
2016-09-21,0.0,0.0,0,0
2016-09-22,0.0,0.0,0,0
2016-09-23,0.0,0.0,0,0
2016-09-24,0.0,0.0,0,0
2016-09-25,0.0,0.0,0,0
2016-09-26,0.0,0.0,0,0
2016-09-27,0.0,0.0,0,0
2016-09-28,0.0,0.0,0,0
2016-09-29,0.0,0.0,0,0
2016-09-30,0.0,0.0,0,0
2016-10-01,0.0,0.0,0,0
2016-10-02,0.0,0.0,0,0
2016-10-03,0.0,0.0,0,0
2016-10-04,0.0,0.0,0,0
2016-10-05,0.0,0.0,0,0
2016-10-06,0.0,0.0,0,0
2016-10-07,0.0,0.0,0,0
2016-10-08,0.0,0.0,0,0
2016-10-09,0.0,0.0,0,0
2016-10-10,0.0,0.0,0,0
2016-10-11,0.0,0.0,0,0
2016-10-12,0.0,0.0,0,0
2016-10-13,0.0,0.0,0,0
2016-10-14,0.0,0.0,0,0
2016-10-15,0.0,0.0,0,0
2016-10-16,0.0,0.0,0,0
2016-10-17,0.0,0.0,0,0
2016-10-18,0.0,0.0,0,0
2016-10-19,0.0,0.0,0,0
2016-10-20,0.0,0.0,0,0
2016-10-21,0.0,0.0,0,0
2016-10-22,0.0,0.0,0,0
2016-10-23,0.0,0.0,0,0
2016-10-24,0.0,0.0,0,0
2016-10-25,0.0,0.0,0,0
2016-10-26,0.0,0.0,0,0
2016-10-27,0.0,0.0,0,0
2016-10-28,0.0,0.0,0,0
2016-10-29,0.0,0.0,0,0
2016-10-30,0.0,0.0,0,0
2016-10-31,0.0,0.0,0,0
2016-11-01,0.0,0.0,0,0
2016-11-02,0.0,0.0,0,0
2016-11-03,0.0,0.0,0,0
2016-11-04,0.0,0.0,0,0
2016-11-05,0.0,0.0,0,0
2016-11-06,0.0,0.0,0,0
2016-11-07,0.0,0.0,0,0
2016-11-08,0.0,0.0,0,0
2016-11-09,0.0,0.0,0,0
2016-11-10,0.0,0.0,0,0
2016-11-11,0.0,0.0,0,0
2016-11-12,0.0,0.0,0,0
2016-11-13,0.0,0.0,0,0
2016-11-14,0.0,0.0,0,0
2016-11-15,0.0,0.0,0,0
2016-11-16,0.0,0.0,0,0
2016-11-17,0.0,0.0,0,0
2016-11-18,0.0,0.0,0,0
2016-11-19,0.0,0.0,0,0
2016-11-20,0.0,0.0,0,0
2016-11-21,0.0,0.0,0,0
2016-11-22,0.0,0.0,0,0
2016-11-23,0.0,0.0,0,0
2016-11-24,0.0,0.0,0,0
2016-11-25,0.0,0.0,0,0
2016-11-26,0.0,0.0,0,0
2016-11-27,0.0,0.0,0,0
2016-11-28,0.0,0.0,0,0
2016-11-29,0.0,0.0,0,0
2016-11-30,0.0,0.0,0,0
2016-12-01,0.0,0.0,0,0
2016-12-02,0.0,0.0,0,0
2016-12-03,0.0,0.0,0,0
2016-12-04,0.0,0.0,0,0
2016-12-05,0.0,0.0,0,0
2016-12-06,0.0,0.0,0,0
2016-12-07,0.0,0.0,0,0
2016-12-08,0.0,0.0,0,0
2016-12-09,0.0,0.0,0,0
2016-12-10,0.0,0.0,0,0
2016-12-11,0.0,0.0,0,0
2016-12-12,0.0,0.0,0,0
2016-12-13,0.0,0.0,0,0
2016-12-14,0.0,0.0,0,0
2016-12-15,0.0,0.0,0,0
2016-12-16,0.0,0.0,0,0
2016-12-17,0.0,0.0,0,0
2016-12-18,0.0,0.0,0,0
2016-12-19,0.0,0.0,0,0
2016-12-20,0.0,0.0,0,0
2016-12-21,0.0,0.0,0,0
2016-12-22,0.0,0.0,0,0
2016-12-23,0.0,0.0,0,0
2016-12-24,0.0,0.0,0,0
2016-12-25,0.0,0.0,0,0
2016-12-26,0.0,0.0,0,0
2016-12-27,0.0,0.0,0,0
2016-12-28,0.0,0.0,0,0
2016-12-29,0.0,0.0,0,0
2016-12-30,0.0,0.0,0,0
2016-12-31,0.0,0.0,0,0
2017-01-01,0.0,0.0,0,0
2017-01-02,0.0,0.0,0,0
2017-01-03,0.0,0.0,0,0
2017-01-04,0.0,0.0,0,0
2017-01-05,0.0,0.0,0,0
2017-01-06,0.0,0.0,0,0
2017-01-07,0.0,0.0,0,0
2017-01-08,0.0,0.0,0,0
2017-01-09,0.0,0.0,0,0
2017-01-10,0.0,0.0,0,0
2017-01-11,0.0,0.0,0,0
2017-01-12,0.0,0.0,0,0
2017-01-13,0.0,0.0,0,0
2017-01-14,0.0,0.0,0,0
2017-01-15,0.0,0.0,0,0
2017-01-16,0.0,0.0,0,0
2017-01-17,0.0,0.0,0,0
2017-01-18,0.0,0.0,0,0
2017-01-19,0.0,0.0,0,0
2017-01-20,0.0,0.0,0,0
2017-01-21,0.0,0.0,0,0
2017-01-22,0.0,0.0,0,0
2017-01-23,0.0,0.0,0,0
2017-01-24,0.0,0.0,0,0
2017-01-25,0.0,0.0,0,0
2017-01-26,0.0,0.0,0,0
2017-01-27,0.0,0.0,0,0
2017-01-28,0.0,0.0,0,0
2017-01-29,0.0,0.0,0,0
2017-01-30,0.0,0.0,0,0
2017-01-31,0.0,0.0,0,0
2017-02-01,0.0,0.0,0,0
2017-02-02,0.0,0.0,0,0
2017-02-03,0.0,0.0,0,0
2017-02-04,0.0,0.0,0,0
2017-02-05,0.0,0.0,0,0
2017-02-06,0.0,0.0,0,0
2017-02-07,0.0,0.0,0,0
2017-02-08,0.0,0.0,0,0
2017-02-09,0.0,0.0,0,0
2017-02-10,0.0,0.0,0,0
2017-02-11,0.0,0.0,0,0
2017-02-12,0.0,0.0,0,0
2017-02-13,0.0,0.0,0,0
2017-02-14,0.0,0.0,0,0
2017-02-15,0.0,0.0,0,0
2017-02-16,0.0,0.0,0,0
2017-02-17,0.0,0.0,0,0
2017-02-18,0.0,0.0,0,0
2017-02-19,0.0,0.0,0,0
2017-02-20,0.0,0.0,0,0
2017-02-21,0.0,0.0,0,0
2017-02-22,0.0,0.0,0,0
2017-02-23,0.0,0.0,0,0
2017-02-24,0.0,0.0,0,0
2017-02-25,0.0,0.0,0,0
2017-02-26,0.0,0.0,0,0
2017-02-27,0.0,0.0,0,0
2017-02-28,0.0,0.0,0,0
2017-03-01,0.0,0.0,0,0
2017-03-02,0.0,0.0,0,0
2017-03-03,0.0,0.0,0,0
2017-03-04,0.0,0.0,0,0
2017-03-05,0.0,0.0,0,0
2017-03-06,0.0,0.0,0,0
2017-03-07,0.0,0.0,0,0
2017-03-08,0.0,0.0,0,0
2017-03-09,0.0,0.0,0,0
2017-03-10,0.0,0.0,0,0
2017-03-11,0.0,0.0,0,0
2017-03-12,0.0,0.0,0,0
2017-03-13,0.0,0.0,0,0
2017-03-14,0.0,0.0,0,0
2017-03-15,0.0,0.0,0,0
2017-03-16,0.0,0.0,0,0
2017-03-17,0.0,0.0,0,1
2017-03-18,0.0,0.0,0,0
2017-03-19,0.0,0.0,0,0
2017-03-20,0.0,0.0,0,0
2017-03-21,0.0,0.0,0,0
2017-03-22,0.0,0.0,0,0
2017-03-23,0.0,0.0,0,0
2017-03-24,0.0,0.0,0,0
2017-03-25,0.0,0.0,0,0
2017-03-26,0.0,0.0,0,0
2017-03-27,0.0,0.0,0,0
2017-03-28,0.0,0.0,0,0
2017-03-29,0.0,0.0,0,0
2017-03-30,0.0,0.0,0,0
2017-03-31,0.0,0.0,0,0
2017-04-01,0.0,0.0,0,0
2017-04-02,0.0,0.0,0,0
2017-04-03,0.0,0.0,0,0
2017-04-04,0.0,0.0,0,0
2017-04-05,0.0,0.0,0,0
2017-04-06,0.0,0.0,0,0
2017-04-07,0.0,0.0,0,0
2017-04-08,0.0,0.0,0,0
2017-04-09,0.0,0.0,0,0
2017-04-10,0.0,0.0,0,0
2017-04-11,0.0,0.0,0,0
2017-04-12,0.0,0.0,0,0
2017-04-13,0.0,0.0,0,0
2017-04-14,0.0,0.0,0,0
2017-04-15,0.0,0.0,0,0
2017-04-16,0.0,0.0,0,0
2017-04-17,0.0,0.0,0,0
2017-04-18,0.0,0.0,0,0
2017-04-19,0.0,0.0,0,1
2017-04-20,0.0,0.0,0,0
2017-04-21,0.0,0.0,0,0
2017-04-22,0.0,0.0,0,0
2017-04-23,0.0,0.0,0,0
2017-04-24,0.0,0.0,0,0
2017-04-25,0.0,0.0,0,0
2017-04-26,0.0,0.0,0,0
2017-04-27,0.0,0.0,0,0
2017-04-28,0.0,0.0,0,0
2017-04-29,0.0,0.0,0,0
2017-04-30,0.0,0.0,0,0
2017-05-01,0.0,0.0,0,0
2017-05-02,0.0,0.0,0,0
2017-05-03,0.0,0.0,0,0
2017-05-04,0.0,0.0,0,0
2017-05-05,0.0,0.0,0,0
2017-05-06,0.0,0.0,0,0
2017-05-07,0.0,0.0,0,0
2017-05-08,0.0,0.0,0,0
2017-05-09,0.0,0.0,0,0
2017-05-10,0.0,0.0,0,0
2017-05-11,0.0,0.0,0,0
2017-05-12,0.0,0.0,0,0
2017-05-13,0.0,0.0,0,0
2017-05-14,0.0,0.0,0,0
2017-05-15,0.0,0.0,0,0
2017-05-16,0.0,0.0,0,0
2017-05-17,0.0,0.0,0,0
2017-05-18,0.0,0.0,0,0
2017-05-19,0.0,0.0,0,0
2017-05-20,0.0,0.0,0,0
2017-05-21,0.0,0.0,0,0
2017-05-22,0.0,0.0,0,0
2017-05-23,0.0,0.0,0,0
2017-05-24,0.0,0.0,0,0
2017-05-25,0.0,0.0,0,0
2017-05-26,0.0,0.0,0,0
2017-05-27,0.0,0.0,0,0
2017-05-28,0.0,0.0,0,0
2017-05-29,0.0,0.0,0,0
2017-05-30,0.0,0.0,0,0
2017-05-31,0.0,0.0,0,0
2017-06-01,0.0,0.0,0,0
2017-06-02,0.0,0.0,0,0
2017-06-03,0.0,0.0,0,0
2017-06-04,0.0,0.0,0,0
2017-06-05,0.0,0.0,0,0
2017-06-06,0.0,0.0,0,0
2017-06-07,0.0,0.0,0,0
2017-06-08,0.0,0.0,0,0
2017-06-09,0.0,0.0,0,0
2017-06-10,0.0,0.0,0,0
2017-06-11,0.0,0.0,0,0
2017-06-12,0.0,0.0,0,0
2017-06-13,0.0,0.0,0,0
2017-06-14,0.0,0.0,0,0
2017-06-15,0.0,0.0,0,0
2017-06-16,0.0,0.0,0,0
2017-06-17,0.0,0.0,0,0
2017-06-18,0.0,0.0,0,0
2017-06-19,0.0,0.0,0,0
2017-06-20,0.0,0.0,0,0
2017-06-21,0.0,0.0,0,0
2017-06-22,0.0,0.0,0,0
2017-06-23,0.0,0.0,0,0
2017-06-24,0.0,0.0,0,0
2017-06-25,0.0,0.0,0,0
2017-06-26,0.0,0.0,0,0
2017-06-27,0.0,0.0,0,0
2017-06-28,0.0,0.0,0,0
2017-06-29,0.0,0.0,0,0
2017-06-30,0.0,0.0,0,0
2017-07-01,0.0,0.0,0,0
2017-07-02,0.0,0.0,0,0
2017-07-03,0.0,0.0,0,0
2017-07-04,0.0,0.0,0,0
2017-07-05,0.0,0.0,0,0
2017-07-06,0.0,0.0,0,0
2017-07-07,0.0,0.0,0,0
2017-07-08,0.0,0.0,0,0
2017-07-09,0.0,0.0,0,0
2017-07-10,0.0,0.0,0,0
2017-07-11,0.0,0.0,0,0
2017-07-12,0.0,0.0,0,0
2017-07-13,0.0,0.0,0,0
2017-07-14,0.0,0.0,0,0
2017-07-15,0.0,0.0,0,0
2017-07-16,0.0,0.0,0,0
2017-07-17,0.0,0.0,0,0
2017-07-18,0.0,0.0,0,0
2017-07-19,0.0,0.0,0,0
2017-07-20,0.0,0.0,0,0
2017-07-21,0.0,0.0,0,0
2017-07-22,0.0,0.0,0,0
2017-07-23,0.0,0.0,0,0
2017-07-24,0.0,0.0,0,0
2017-07-25,0.0,0.0,0,0
2017-07-26,0.0,0.0,0,0
2017-07-27,0.0,0.0,0,0
2017-07-28,0.0,0.0,0,0
2017-07-29,0.0,0.0,0,0
2017-07-30,0.0,0.0,0,0
2017-07-31,0.0,0.0,1,1
2017-08-01,0.0,0.0,0,1
2017-08-02,0.0,0.0,0,0
2017-08-03,0.0,0.0,0,0
2017-08-04,0.0,0.0,0,0
2017-08-05,0.0,0.0,0,0
2017-08-06,0.0,0.0,0,0
2017-08-07,0.0,0.0,0,0
2017-08-08,0.0,0.0,0,0
2017-08-09,0.0,0.0,0,0
2017-08-10,0.0,0.0,0,0
2017-08-11,0.0,0.0,0,0
2017-08-12,0.0,0.0,0,0
2017-08-13,0.0,0.0,0,0
2017-08-14,0.0,0.0,0,0
2017-08-15,0.0,0.0,0,0
2017-08-16,0.0,0.0,0,0
2017-08-17,0.0,0.0,0,0
2017-08-18,0.0,0.0,0,0
2017-08-19,0.0,0.0,0,0
2017-08-20,0.0,0.0,0,0
2017-08-21,0.0,0.0,0,0
2017-08-22,0.0,0.0,0,0
2017-08-23,0.0,0.0,0,0
2017-08-24,0.0,0.0,0,0
2017-08-25,0.0,0.0,0,0
2017-08-26,0.0,0.0,0,0
2017-08-27,0.0,0.0,0,0
2017-08-28,0.0,0.0,0,0
2017-08-29,0.0,0.0,0,0
2017-08-30,0.0,0.0,0,0
2017-08-31,0.0,0.0,0,0
2017-09-01,0.0,0.0,0,0
2017-09-02,0.0,0.0,0,0
2017-09-03,0.0,0.0,0,0
2017-09-04,0.0,0.0,0,0
2017-09-05,0.0,0.0,0,0
2017-09-06,0.0,0.0,0,0
2017-09-07,0.0,0.0,0,0
2017-09-08,0.0,0.0,0,0
2017-09-09,0.0,0.0,0,0
2017-09-10,0.0,0.0,0,0
2017-09-11,0.0,0.0,0,0
2017-09-12,0.0,0.0,0,0
2017-09-13,0.0,0.0,0,0
2017-09-14,0.0,0.0,0,0
2017-09-15,0.0,0.0,0,0
2017-09-16,0.0,0.0,0,0
2017-09-17,0.0,0.0,0,0
2017-09-18,0.0,0.0,0,0
2017-09-19,0.0,0.0,0,0
2017-09-20,0.0,0.0,0,0
2017-09-21,0.0,0.0,0,0
2017-09-22,0.0,0.0,0,0
2017-09-23,0.0,0.0,0,0
2017-09-24,0.0,0.0,0,0
2017-09-25,0.0,0.0,0,0
2017-09-26,0.0,0.0,0,0
2017-09-27,0.0,0.0,0,0
2017-09-28,0.0,0.0,0,0
2017-09-29,0.0,0.0,0,0
2017-09-30,0.0,0.0,0,0
2017-10-01,0.0,0.0,0,0
2017-10-02,0.0,0.0,0,0
2017-10-03,0.0,0.0,0,0
2017-10-04,0.0,0.0,0,0
2017-10-05,0.0,0.0,0,0
2017-10-06,0.0,0.0,0,0
2017-10-07,0.0,0.0,0,0
2017-10-08,0.0,0.0,0,0
2017-10-09,0.0,0.0,0,0
2017-10-10,0.0,0.0,0,0
2017-10-11,0.0,0.0,0,0
2017-10-12,0.0,0.0,0,0
2017-10-13,0.0,0.0,0,0
2017-10-14,0.0,0.0,0,0
2017-10-15,0.0,0.0,0,0
2017-10-16,0.0,0.0,0,1
2017-10-17,0.0,0.0,0,0
2017-10-18,0.0,0.0,0,0
2017-10-19,0.0,0.0,0,0
2017-10-20,0.0,0.0,0,0
2017-10-21,0.0,0.0,0,0
2017-10-22,0.0,0.0,0,0
2017-10-23,0.0,0.0,0,0
2017-10-24,0.0,0.0,0,0
2017-10-25,0.0,0.0,0,0
2017-10-26,0.0,0.0,0,0
2017-10-27,0.0,0.0,0,0
2017-10-28,0.0,0.0,0,0
2017-10-29,0.0,0.0,0,0
2017-10-30,0.0,0.0,0,0
2017-10-31,0.0,0.0,0,0
2017-11-01,0.0,0.0,0,0
2017-11-02,0.0,0.0,0,0
2017-11-03,0.0,0.0,0,0
2017-11-04,0.0,0.0,0,0
2017-11-05,0.0,0.0,0,0
2017-11-06,0.0,0.0,0,0
2017-11-07,0.0,0.0,0,0
2017-11-08,0.0,0.0,0,0
2017-11-09,0.0,0.0,0,0
2017-11-10,0.0,0.0,0,0
2017-11-11,0.0,0.0,0,0
2017-11-12,0.0,0.0,0,0
2017-11-13,0.0,0.0,0,0
2017-11-14,0.0,0.0,0,0
2017-11-15,0.0,0.0,0,0
2017-11-16,0.0,0.0,0,0
2017-11-17,0.0,0.0,0,0
2017-11-18,0.0,0.0,0,0
2017-11-19,0.0,0.0,0,0
2017-11-20,0.0,0.0,0,0
2017-11-21,0.0,0.0,0,0
2017-11-22,0.0,0.0,0,0
2017-11-23,0.0,0.0,0,0
2017-11-24,0.0,0.0,0,0
2017-11-25,0.0,0.0,0,0
2017-11-26,0.0,0.0,0,0
2017-11-27,0.0,0.0,0,0
2017-11-28,0.0,0.0,0,0
2017-11-29,0.0,0.0,0,0
2017-11-30,0.0,0.0,0,0
2017-12-01,0.0,0.0,0,0
2017-12-02,0.0,0.0,0,0
2017-12-03,0.0,0.0,0,0
2017-12-04,0.0,0.0,0,0
2017-12-05,0.0,0.0,0,0
2017-12-06,0.0,0.0,0,0
2017-12-07,0.0,0.0,0,0
2017-12-08,0.0,0.0,0,0
2017-12-09,0.0,0.0,0,0
2017-12-10,0.0,0.0,0,0
2017-12-11,0.0,0.0,0,0
2017-12-12,0.0,0.0,0,0
2017-12-13,0.0,0.0,0,0
2017-12-14,0.0,0.0,0,0
2017-12-15,0.0,0.0,0,0
2017-12-16,0.0,0.0,0,0
2017-12-17,0.0,0.0,0,0
2017-12-18,0.0,0.0,0,0
2017-12-19,0.0,0.0,0,0
2017-12-20,0.0,0.0,0,0
2017-12-21,0.0,0.0,0,0
2017-12-22,0.0,0.0,0,0
2017-12-23,0.0,0.0,0,0
2017-12-24,0.0,0.0,0,0
2017-12-25,0.0,0.0,0,0
2017-12-26,0.0,0.0,0,0
2017-12-27,0.0,0.0,0,0
2017-12-28,0.0,0.0,0,0
2017-12-29,0.0,0.0,0,0
2017-12-30,0.0,0.0,0,0
2017-12-31,0.0,0.0,0,0
2018-01-01,0.0,0.0,0,0
2018-01-02,0.0,0.0,0,0
2018-01-03,0.0,0.0,0,0
2018-01-04,0.0,0.0,0,0
2018-01-05,0.0,0.0,0,0
2018-01-06,0.0,0.0,0,0
2018-01-07,0.0,0.0,0,0
2018-01-08,0.0,0.0,0,0
2018-01-09,0.0,0.0,0,0
2018-01-10,0.0,0.0,0,0
2018-01-11,0.0,0.0,0,0
2018-01-12,0.0,0.0,0,0
2018-01-13,0.0,0.0,0,0
2018-01-14,0.0,0.0,0,0
2018-01-15,0.0,0.0,0,0
2018-01-16,0.0,0.0,0,0
2018-01-17,0.0,0.0,0,0
2018-01-18,0.0,0.0,0,0
2018-01-19,0.0,0.0,0,0
2018-01-20,0.0,0.0,0,0
2018-01-21,0.0,0.0,0,0
2018-01-22,0.0,0.0,0,0
2018-01-23,0.0,0.0,0,0
2018-01-24,0.0,0.0,0,0
2018-01-25,0.0,0.0,0,0
2018-01-26,0.0,0.0,0,0
2018-01-27,0.0,0.0,0,0
2018-01-28,0.0,0.0,0,0
2018-01-29,0.0,0.0,0,0
2018-01-30,0.0,0.0,0,0
2018-01-31,0.0,0.0,0,0
2018-02-01,0.0,0.0,0,0
2018-02-02,0.0,0.0,0,0
2018-02-03,0.0,0.0,0,0
2018-02-04,0.0,0.0,0,0
2018-02-05,0.0,0.0,0,0
2018-02-06,0.0,0.0,0,0
2018-02-07,0.0,0.0,0,0
2018-02-08,0.0,0.0,0,0
2018-02-09,0.0,0.0,0,0
2018-02-10,0.0,0.0,0,0
2018-02-11,0.0,0.0,0,0
2018-02-12,0.0,0.0,0,0
2018-02-13,0.0,0.0,0,0
2018-02-14,0.0,0.0,0,0
2018-02-15,0.0,0.0,0,0
2018-02-16,0.0,0.0,0,0
2018-02-17,0.0,0.0,0,0
2018-02-18,0.0,0.0,0,0
2018-02-19,0.0,0.0,0,0
2018-02-20,0.0,0.0,0,0
2018-02-21,0.0,0.0,0,0
2018-02-22,0.0,0.0,0,0
2018-02-23,0.0,0.0,0,0
2018-02-24,0.0,0.0,0,0
2018-02-25,0.0,0.0,0,0
2018-02-26,0.0,0.0,0,1
2018-02-27,0.0,0.0,0,0
2018-02-28,0.0,0.0,0,0
2018-03-01,0.0,0.0,0,0
2018-03-02,0.0,0.0,0,0
2018-03-03,0.0,0.0,0,0
2018-03-04,0.0,0.0,0,0
2018-03-05,0.0,0.0,0,0
2018-03-06,0.0,0.0,0,0
2018-03-07,0.0,0.0,0,0
2018-03-08,0.0,0.0,0,0
2018-03-09,0.0,0.0,0,0
2018-03-10,0.0,0.0,0,0
2018-03-11,0.0,0.0,0,0
2018-03-12,0.0,0.0,0,0
2018-03-13,0.0,0.0,0,0
2018-03-14,0.0,0.0,0,0
2018-03-15,0.0,0.0,0,0
2018-03-16,0.0,0.0,0,0
2018-03-17,0.0,0.0,0,0
2018-03-18,0.0,0.0,0,0
2018-03-19,0.0,0.0,0,0
2018-03-20,0.0,0.0,0,0
2018-03-21,0.0,0.0,0,0
2018-03-22,0.0,0.0,0,0
2018-03-23,0.0,0.0,0,0
2018-03-24,0.0,0.0,0,0
2018-03-25,0.0,0.0,0,0
2018-03-26,0.0,0.0,0,0
2018-03-27,0.0,0.0,0,0
2018-03-28,0.0,0.0,0,0
2018-03-29,0.0,0.0,0,0
2018-03-30,0.0,0.0,0,0
2018-03-31,0.0,0.0,0,0
2018-04-01,0.0,0.0,0,0
2018-04-02,0.0,0.0,0,0
2018-04-03,0.0,0.0,0,0
2018-04-04,0.0,0.0,0,0
2018-04-05,0.0,0.0,0,0
2018-04-06,0.0,0.0,0,0
2018-04-07,0.0,0.0,0,0
2018-04-08,0.0,0.0,0,0
2018-04-09,0.0,0.0,0,0
2018-04-10,0.0,0.0,0,0
2018-04-11,0.0,0.0,0,0
2018-04-12,0.0,0.0,0,0
2018-04-13,0.0,0.0,0,0
2018-04-14,0.0,0.0,0,0
2018-04-15,0.0,0.0,0,0
2018-04-16,0.0,0.0,0,0
2018-04-17,0.0,0.0,0,0
2018-04-18,0.0,0.0,0,0
2018-04-19,0.0,0.0,0,0
2018-04-20,0.0,0.0,0,0
2018-04-21,0.0,0.0,0,0
2018-04-22,0.0,0.0,0,0
2018-04-23,0.0,0.0,0,0
2018-04-24,0.0,0.0,0,0
2018-04-25,0.0,0.0,0,0
2018-04-26,0.0,0.0,0,0
2018-04-27,0.0,0.0,0,0
2018-04-28,0.0,0.0,0,0
2018-04-29,0.0,0.0,0,0
2018-04-30,0.0,0.0,0,0
2018-05-01,0.0,0.0,0,0
2018-05-02,0.0,0.0,0,0
2018-05-03,0.0,0.0,0,0
2018-05-04,0.0,0.0,0,0
2018-05-05,0.0,0.0,0,0
2018-05-06,0.0,0.0,0,0
2018-05-07,0.0,0.0,0,0
2018-05-08,0.0,0.0,0,0
2018-05-09,0.0,0.0,0,0
2018-05-10,0.0,0.0,0,0
2018-05-11,0.0,0.0,0,0
2018-05-12,0.0,0.0,0,0
2018-05-13,0.0,0.0,0,0
2018-05-14,0.0,0.0,0,0
2018-05-15,0.0,0.0,0,0
2018-05-16,0.0,0.0,0,0
2018-05-17,0.0,0.0,0,0
2018-05-18,0.0,0.0,0,0
2018-05-19,0.0,0.0,0,0
2018-05-20,0.0,0.0,0,0
2018-05-21,0.0,0.0,0,0
2018-05-22,0.0,0.0,0,0
2018-05-23,0.0,0.0,0,0
2018-05-24,0.0,0.0,0,0
2018-05-25,0.0,0.0,0,0
2018-05-26,0.0,0.0,0,0
2018-05-27,0.0,0.0,0,0
2018-05-28,0.0,0.0,0,0
2018-05-29,0.0,0.0,0,0
2018-05-30,0.0,0.0,0,0
2018-05-31,0.0,0.0,0,0
2018-06-01,0.0,0.0,0,0
2018-06-02,0.0,0.0,0,0
2018-06-03,0.0,0.0,0,0
2018-06-04,0.0,0.0,0,0
2018-06-05,0.0,0.0,0,0
2018-06-06,0.0,0.0,0,0
2018-06-07,0.0,0.0,0,0
2018-06-08,0.0,0.0,0,0
2018-06-09,0.0,0.0,0,0
2018-06-10,0.0,0.0,0,0
2018-06-11,0.0,0.0,0,0
2018-06-12,0.0,0.0,0,0
2018-06-13,0.0,0.0,0,0
2018-06-14,0.0,0.0,0,0
2018-06-15,0.0,0.0,0,0
2018-06-16,0.0,0.0,0,0
2018-06-17,0.0,0.0,0,0
2018-06-18,0.0,0.0,0,0
2018-06-19,0.0,0.0,0,0
2018-06-20,0.0,0.0,0,0
2018-06-21,0.0,0.0,0,0
2018-06-22,0.0,0.0,0,0
2018-06-23,0.0,0.0,0,0
2018-06-24,0.0,0.0,0,0
2018-06-25,0.0,0.0,0,0
2018-06-26,0.0,0.0,0,0
2018-06-27,0.0,0.0,0,0
2018-06-28,0.0,0.0,0,0
2018-06-29,0.0,0.0,0,0
2018-06-30,0.0,0.0,0,1
2018-07-01,0.0,0.0,0,0
2018-07-02,0.0,0.0,0,0
2018-07-03,0.0,0.0,0,0
2018-07-04,0.0,0.0,0,0
2018-07-05,0.0,0.0,0,0
2018-07-06,0.0,0.0,0,0
2018-07-07,0.0,0.0,0,0
2018-07-08,0.0,0.0,0,0
2018-07-09,0.0,0.0,0,0
2018-07-10,0.0,0.0,0,0
2018-07-11,0.0,0.0,0,0
2018-07-12,0.0,0.0,0,0
2018-07-13,0.0,0.0,0,0
2018-07-14,0.0,0.0,0,0
2018-07-15,0.0,0.0,0,0
2018-07-16,0.0,0.0,0,0
2018-07-17,0.0,0.0,0,0
2018-07-18,0.0,0.0,0,0
2018-07-19,0.0,0.0,0,0
2018-07-20,0.0,0.0,0,0
2018-07-21,0.0,0.0,0,0
2018-07-22,0.0,0.0,0,0
2018-07-23,0.0,0.0,0,0
2018-07-24,0.0,0.0,0,0
2018-07-25,0.0,0.0,0,0
2018-07-26,0.0,0.0,0,0
2018-07-27,0.0,0.0,0,0
2018-07-28,0.0,0.0,0,0
2018-07-29,0.0,0.0,0,0
2018-07-30,0.0,0.0,0,0
2018-07-31,0.0,0.0,0,0
2018-08-01,0.0,0.0,0,0
2018-08-02,0.0,0.0,0,0
2018-08-03,0.0,0.0,0,0
2018-08-04,0.0,0.0,0,0
2018-08-05,0.0,0.0,0,0
2018-08-06,0.0,0.0,0,0
2018-08-07,0.0,0.0,0,0
2018-08-08,0.0,0.0,0,0
2018-08-09,0.0,0.0,0,0
2018-08-10,0.0,0.0,0,0
2018-08-11,0.0,0.0,0,0
2018-08-12,0.0,0.0,0,0
2018-08-13,0.0,0.0,0,0
2018-08-14,0.0,0.0,0,0
2018-08-15,0.0,0.0,0,0
2018-08-16,0.0,0.0,0,0
2018-08-17,0.0,0.0,0,0
2018-08-18,0.0,0.0,0,0
2018-08-19,0.0,0.0,0,0
2018-08-20,0.0,0.0,0,0
2018-08-21,0.0,0.0,0,0
2018-08-22,0.0,0.0,0,0
2018-08-23,0.0,0.0,0,0
2018-08-24,0.0,0.0,0,0
2018-08-25,0.0,0.0,0,0
2018-08-26,0.0,0.0,0,0
2018-08-27,0.0,0.0,0,0
2018-08-28,0.0,0.0,0,0
2018-08-29,0.0,0.0,0,0
2018-08-30,0.0,0.0,0,0
2018-08-31,0.0,0.0,0,0
2018-09-01,0.0,0.0,0,0
2018-09-02,0.0,0.0,0,0
2018-09-03,0.0,0.0,0,0
2018-09-04,0.0,0.0,0,0
2018-09-05,0.0,0.0,0,0
2018-09-06,0.0,0.0,0,0
2018-09-07,0.0,0.0,0,0
2018-09-08,0.0,0.0,0,0
2018-09-09,0.0,0.0,0,0
2018-09-10,0.0,0.0,0,0
2018-09-11,0.0,0.0,0,0
2018-09-12,0.0,0.0,0,0
2018-09-13,0.0,0.0,0,0
2018-09-14,0.0,0.0,0,0
2018-09-15,0.0,0.0,0,0
2018-09-16,0.0,0.0,0,0
2018-09-17,0.0,0.0,0,0
2018-09-18,0.0,0.0,0,0
2018-09-19,0.0,0.0,0,0
2018-09-20,0.0,0.0,0,0
2018-09-21,0.0,0.0,0,0
2018-09-22,0.0,0.0,0,0
2018-09-23,0.0,0.0,0,0
2018-09-24,0.0,0.0,0,0
2018-09-25,0.0,0.0,0,0
2018-09-26,0.0,0.0,0,0
2018-09-27,0.0,0.0,0,0
2018-09-28,0.0,0.0,0,0
2018-09-29,0.0,0.0,0,0
2018-09-30,0.0,0.0,0,0
2018-10-01,0.0,0.0,0,0
2018-10-02,0.0,0.0,0,0
2018-10-03,0.0,0.0,0,0
2018-10-04,0.0,0.0,0,0
2018-10-05,0.0,0.0,0,0
2018-10-06,0.0,0.0,0,0
2018-10-07,0.0,0.0,0,0
2018-10-08,0.0,0.0,0,0
2018-10-09,0.0,0.0,0,0
2018-10-10,0.0,0.0,0,0
2018-10-11,0.0,0.0,0,0
2018-10-12,0.0,0.0,0,0
2018-10-13,0.0,0.0,0,0
2018-10-14,0.0,0.0,0,0
2018-10-15,0.0,0.0,0,0
2018-10-16,0.0,0.0,0,0
2018-10-17,0.0,0.0,0,0
2018-10-18,0.0,0.0,0,0
2018-10-19,0.0,0.0,0,0
2018-10-20,0.0,0.0,0,0
2018-10-21,0.0,0.0,0,0
2018-10-22,0.0,0.0,0,0
2018-10-23,0.0,0.0,0,0
2018-10-24,0.0,0.0,0,0
2018-10-25,0.0,0.0,0,0
2018-10-26,0.0,0.0,0,0
2018-10-27,0.0,0.0,0,0
2018-10-28,0.0,0.0,0,0
2018-10-29,0.0,0.0,0,0
2018-10-30,0.0,0.0,0,0
2018-10-31,0.0,0.0,0,0
2018-11-01,0.0,0.0,0,0
2018-11-02,0.0,0.0,0,0
2018-11-03,0.0,0.0,0,0
2018-11-04,0.0,0.0,0,0
2018-11-05,0.0,0.0,0,0
2018-11-06,0.0,0.0,0,0
2018-11-07,0.0,0.0,0,0
2018-11-08,0.0,0.0,0,0
2018-11-09,0.0,0.0,0,0
2018-11-10,0.0,0.0,0,0
2018-11-11,0.0,0.0,0,0
2018-11-12,0.0,0.0,0,0
2018-11-13,0.0,0.0,0,0
2018-11-14,0.0,0.0,0,0
2018-11-15,0.0,0.0,0,0
2018-11-16,0.0,0.0,0,0
2018-11-17,0.0,0.0,0,0
2018-11-18,0.0,0.0,0,0
2018-11-19,0.0,0.0,0,0
2018-11-20,0.0,0.0,0,0
2018-11-21,0.0,0.0,0,0
2018-11-22,0.0,0.0,0,0
2018-11-23,0.0,0.0,0,0
2018-11-24,0.0,0.0,0,0
2018-11-25,0.0,0.0,0,0
2018-11-26,0.0,0.0,0,0
2018-11-27,0.0,0.0,0,0
2018-11-28,0.0,0.0,0,0
2018-11-29,0.0,0.0,0,0
2018-11-30,0.0,0.0,0,0
2018-12-01,0.0,0.0,0,0
2018-12-02,0.0,0.0,0,0
2018-12-03,0.0,0.0,0,0
2018-12-04,0.0,0.0,0,0
2018-12-05,0.0,0.0,0,0
2018-12-06,0.0,0.0,0,0
2018-12-07,0.0,0.0,0,0
2018-12-08,0.0,0.0,0,0
2018-12-09,0.0,0.0,0,0
2018-12-10,0.0,0.0,0,0
2018-12-11,0.0,0.0,0,0
2018-12-12,0.0,0.0,0,0
2018-12-13,0.0,0.0,0,0
2018-12-14,0.0,0.0,0,0
2018-12-15,0.0,0.0,0,0
2018-12-16,0.0,0.0,0,0
2018-12-17,0.0,0.0,0,0
2018-12-18,0.0,0.0,0,0
2018-12-19,0.0,0.0,0,0
2018-12-20,0.0,0.0,0,0
2018-12-21,0.0,0.0,0,0
2018-12-22,0.0,0.0,0,0
2018-12-23,0.0,0.0,0,0
2018-12-24,0.0,0.0,0,0
2018-12-25,0.0,0.0,0,0
2018-12-26,0.0,0.0,0,0
2018-12-27,0.0,0.0,0,0
2018-12-28,0.0,0.0,0,0
2018-12-29,0.0,0.0,0,0
2018-12-30,0.0,0.0,0,0
2018-12-31,0.0,0.0,0,0
2019-01-01,0.0,0.0,0,0
2019-01-02,0.0,0.0,0,0
2019-01-03,0.0,0.0,0,0
2019-01-04,0.0,0.0,0,0
2019-01-05,0.0,0.0,0,0
2019-01-06,0.0,0.0,0,0
2019-01-07,0.0,0.0,0,0
2019-01-08,0.0,0.0,0,0
2019-01-09,0.0,0.0,0,0
2019-01-10,0.0,0.0,0,0
2019-01-11,0.0,0.0,0,0
2019-01-12,0.0,0.0,0,0
2019-01-13,0.0,0.0,0,0
2019-01-14,0.0,0.0,0,0
2019-01-15,0.0,0.0,0,0
2019-01-16,0.0,0.0,0,0
2019-01-17,0.0,0.0,0,0
2019-01-18,0.0,0.0,0,0
2019-01-19,0.0,0.0,0,0
2019-01-20,0.0,0.0,0,0
2019-01-21,0.0,0.0,0,0
2019-01-22,0.0,0.0,0,0
2019-01-23,0.0,0.0,0,0
2019-01-24,0.0,0.0,0,0
2019-01-25,0.0,0.0,0,0
2019-01-26,0.0,0.0,0,0
2019-01-27,0.0,0.0,0,0
2019-01-28,0.0,0.0,0,0
2019-01-29,0.0,0.0,0,0
2019-01-30,0.0,0.0,0,0
2019-01-31,0.0,0.0,0,1
2019-02-01,0.0,0.0,0,0
2019-02-02,0.0,0.0,0,0
2019-02-03,0.0,0.0,0,0
2019-02-04,0.0,0.0,0,0
2019-02-05,0.0,0.0,0,0
2019-02-06,0.0,0.0,0,0
2019-02-07,0.0,0.0,0,0
2019-02-08,0.0,0.0,0,0
2019-02-09,0.0,0.0,0,0
2019-02-10,0.0,0.0,0,0
2019-02-11,0.0,0.0,0,0
2019-02-12,0.0,0.0,0,0
2019-02-13,0.0,0.0,0,0
2019-02-14,0.0,0.0,0,0
2019-02-15,0.0,0.0,0,0
2019-02-16,0.0,0.0,0,0
2019-02-17,0.0,0.0,0,0
2019-02-18,0.0,0.0,0,0
2019-02-19,0.0,0.0,0,0
2019-02-20,0.0,0.0,0,0
2019-02-21,0.0,0.0,0,0
2019-02-22,0.0,0.0,0,0
2019-02-23,0.0,0.0,0,0
2019-02-24,0.0,0.0,0,0
2019-02-25,0.0,0.0,0,0
2019-02-26,0.0,0.0,0,0
2019-02-27,0.0,0.0,0,0
2019-02-28,0.0,0.0,0,0
2019-03-01,0.0,0.0,0,0
2019-03-02,0.0,0.0,0,0
2019-03-03,0.0,0.0,0,0
2019-03-04,0.0,0.0,0,0
2019-03-05,0.0,0.0,0,0
2019-03-06,0.0,0.0,0,0
2019-03-07,0.0,0.0,0,0
2019-03-08,0.0,0.0,0,0
2019-03-09,0.0,0.0,0,0
2019-03-10,0.0,0.0,0,0
2019-03-11,0.0,0.0,0,0
2019-03-12,0.0,0.0,0,0
2019-03-13,0.0,0.0,0,0
2019-03-14,0.0,0.0,0,0
2019-03-15,0.0,0.0,0,0
2019-03-16,0.0,0.0,0,0
2019-03-17,0.0,0.0,0,0
2019-03-18,0.0,0.0,0,0
2019-03-19,0.0,0.0,0,0
2019-03-20,0.0,0.0,0,0
2019-03-21,0.0,0.0,0,0
2019-03-22,0.0,0.0,0,0
2019-03-23,0.0,0.0,0,0
2019-03-24,0.0,0.0,0,0
2019-03-25,0.0,0.0,0,0
2019-03-26,0.0,0.0,0,0
2019-03-27,0.0,0.0,0,0
2019-03-28,0.0,0.0,0,0
2019-03-29,0.0,0.0,0,0
2019-03-30,0.0,0.0,0,0
2019-03-31,0.0,0.0,0,0
2019-04-01,0.0,0.0,0,0
2019-04-02,0.0,0.0,0,0
2019-04-03,0.0,0.0,0,0
2019-04-04,0.0,0.0,0,0
2019-04-05,0.0,0.0,0,0
2019-04-06,0.0,0.0,0,0
2019-04-07,0.0,0.0,0,0
2019-04-08,0.0,0.0,0,0
2019-04-09,0.0,0.0,0,0
2019-04-10,0.0,0.0,0,0
2019-04-11,0.0,0.0,0,0
2019-04-12,0.0,0.0,0,0
2019-04-13,0.0,0.0,0,0
2019-04-14,0.0,0.0,0,0
2019-04-15,0.0,0.0,0,0
2019-04-16,0.0,0.0,0,0
2019-04-17,0.0,0.0,0,0
2019-04-18,0.0,0.0,0,0
2019-04-19,0.0,0.0,0,0
2019-04-20,0.0,0.0,0,0
2019-04-21,0.0,0.0,0,0
2019-04-22,0.0,0.0,0,0
2019-04-23,0.0,0.0,0,0
2019-04-24,0.0,0.0,0,0
2019-04-25,0.0,0.0,0,0
2019-04-26,0.0,0.0,0,0
2019-04-27,0.0,0.0,0,0
2019-04-28,0.0,0.0,0,0
2019-04-29,0.0,0.0,0,0
2019-04-30,0.0,0.0,0,0
2019-05-01,0.0,0.0,0,0
2019-05-02,0.0,0.0,0,0
2019-05-03,0.0,0.0,0,0
2019-05-04,0.0,0.0,0,0
2019-05-05,0.0,0.0,0,0
2019-05-06,0.0,0.0,0,0
2019-05-07,0.0,0.0,0,0
2019-05-08,0.0,0.0,0,0
2019-05-09,0.0,0.0,0,0
2019-05-10,0.0,0.0,0,0
2019-05-11,0.0,0.0,0,0
2019-05-12,0.0,0.0,0,0
2019-05-13,0.0,0.0,0,0
2019-05-14,0.0,0.0,0,0
2019-05-15,0.0,0.0,0,0
2019-05-16,0.0,0.0,0,0
2019-05-17,0.0,0.0,0,0
2019-05-18,0.0,0.0,0,0
2019-05-19,0.0,0.0,0,0
2019-05-20,0.0,0.0,0,0
2019-05-21,0.0,0.0,0,0
2019-05-22,0.0,0.0,0,0
2019-05-23,0.0,0.0,0,0
2019-05-24,0.0,0.0,0,0
2019-05-25,0.0,0.0,0,0
2019-05-26,0.0,0.0,0,0
2019-05-27,0.0,0.0,0,0
2019-05-28,0.0,0.0,0,0
2019-05-29,0.0,0.0,0,0
2019-05-30,0.0,0.0,0,0
2019-05-31,0.0,0.0,0,0
2019-06-01,0.0,0.0,0,0
2019-06-02,0.0,0.0,0,0
2019-06-03,0.0,0.0,0,0
2019-06-04,0.0,0.0,0,0
2019-06-05,0.0,0.0,0,0
2019-06-06,0.0,0.0,0,0
2019-06-07,0.0,0.0,0,0
2019-06-08,0.0,0.0,0,0
2019-06-09,0.0,0.0,0,0
2019-06-10,0.0,0.0,0,0
2019-06-11,0.0,0.0,0,0
2019-06-12,0.0,0.0,0,0
2019-06-13,0.0,0.0,0,0
2019-06-14,0.0,0.0,0,0
2019-06-15,0.0,0.0,0,0
2019-06-16,0.0,0.0,0,0
2019-06-17,0.0,0.0,0,0
2019-06-18,0.0,0.0,0,0
2019-06-19,0.0,0.0,0,0
2019-06-20,0.0,0.0,0,0
2019-06-21,0.0,0.0,0,0
2019-06-22,0.0,0.0,0,0
2019-06-23,0.0,0.0,0,0
2019-06-24,0.0,0.0,0,0
2019-06-25,0.0,0.0,0,0
2019-06-26,0.0,0.0,0,0
2019-06-27,0.0,0.0,0,0
2019-06-28,0.0,0.0,0,0
2019-06-29,0.0,0.0,0,0
2019-06-30,0.0,0.0,0,0
2019-07-01,0.0,0.0,0,0
2019-07-02,0.0,0.0,0,0
2019-07-03,0.0,0.0,0,0
2019-07-04,0.0,0.0,0,0
2019-07-05,0.0,0.0,0,0
2019-07-06,0.0,0.0,0,0
2019-07-07,0.0,0.0,0,0
2019-07-08,0.0,0.0,0,0
2019-07-09,0.0,0.0,0,0
2019-07-10,0.0,0.0,0,0
2019-07-11,0.0,0.0,0,0
2019-07-12,0.0,0.0,0,0
2019-07-13,0.0,0.0,0,0
2019-07-14,0.0,0.0,0,0
2019-07-15,0.0,0.0,0,0
2019-07-16,0.0,0.0,0,0
2019-07-17,0.0,0.0,0,0
2019-07-18,0.0,0.0,0,0
2019-07-19,0.0,0.0,0,0
2019-07-20,0.0,0.0,0,0
2019-07-21,0.0,0.0,0,0
2019-07-22,0.0,0.0,0,0
2019-07-23,0.0,0.0,0,0
2019-07-24,0.0,0.0,0,0
2019-07-25,0.0,0.0,0,0
2019-07-26,0.0,0.0,0,0
2019-07-27,0.0,0.0,0,0
2019-07-28,0.0,0.0,0,0
2019-07-29,0.0,0.0,0,0
2019-07-30,0.0,0.0,0,0
2019-07-31,0.0,0.0,0,0
2019-08-01,0.0,0.0,0,0
2019-08-02,0.0,0.0,0,0
2019-08-03,0.0,0.0,0,0
2019-08-04,0.0,0.0,0,0
2019-08-05,0.0,0.0,0,0
2019-08-06,0.0,0.0,0,0
2019-08-07,0.0,0.0,0,0
2019-08-08,0.0,0.0,0,0
2019-08-09,0.0,0.0,0,0
2019-08-10,0.0,0.0,0,0
2019-08-11,0.0,0.0,0,0
2019-08-12,0.0,0.0,0,0
2019-08-13,0.0,0.0,0,0
2019-08-14,0.0,0.0,0,0
2019-08-15,0.0,0.0,0,0
2019-08-16,0.0,0.0,0,0
2019-08-17,0.0,0.0,0,0
2019-08-18,0.0,0.0,0,0
2019-08-19,0.0,0.0,0,0
2019-08-20,0.0,0.0,0,0
2019-08-21,0.0,0.0,0,0
2019-08-22,0.0,0.0,0,0
2019-08-23,0.0,0.0,0,0
2019-08-24,0.0,0.0,0,0
2019-08-25,0.0,0.0,0,0
2019-08-26,0.0,0.0,0,0
2019-08-27,0.0,0.0,0,0
2019-08-28,0.0,0.0,0,0
2019-08-29,0.0,0.0,0,0
2019-08-30,0.0,0.0,0,0
2019-08-31,0.0,0.0,0,0
2019-09-01,0.0,0.0,0,0
2019-09-02,0.0,0.0,0,0
2019-09-03,0.0,0.0,0,0
2019-09-04,0.0,0.0,0,0
2019-09-05,0.0,0.0,0,0
2019-09-06,0.0,0.0,0,0
2019-09-07,0.0,0.0,0,0
2019-09-08,0.0,0.0,0,0
2019-09-09,0.0,0.0,0,0
2019-09-10,0.0,0.0,0,0
2019-09-11,0.0,0.0,0,0
2019-09-12,0.0,0.0,0,0
2019-09-13,0.0,0.0,0,0
2019-09-14,0.0,0.0,0,0
2019-09-15,0.0,0.0,0,0
2019-09-16,0.0,0.0,0,0
2019-09-17,0.0,0.0,0,0
2019-09-18,0.0,0.0,0,0
2019-09-19,0.0,0.0,0,0
2019-09-20,0.0,0.0,0,0
2019-09-21,0.0,0.0,0,0
2019-09-22,0.0,0.0,0,0
2019-09-23,0.0,0.0,0,0
2019-09-24,0.0,0.0,0,0
2019-09-25,0.0,0.0,0,0
2019-09-26,0.0,0.0,0,0
2019-09-27,0.0,0.0,0,0
2019-09-28,0.0,0.0,0,0
2019-09-29,0.0,0.0,0,0
2019-09-30,0.0,0.0,0,0
2019-10-01,0.0,0.0,0,0
2019-10-02,0.0,0.0,0,0
2019-10-03,0.0,0.0,0,0
2019-10-04,0.0,0.0,0,0
2019-10-05,0.0,0.0,0,0
2019-10-06,0.0,0.0,0,0
2019-10-07,0.0,0.0,0,0
2019-10-08,0.0,0.0,0,0
2019-10-09,0.0,0.0,0,0
2019-10-10,0.0,0.0,0,0
2019-10-11,0.0,0.0,0,0
2019-10-12,0.0,0.0,0,0
2019-10-13,0.0,0.0,0,0
2019-10-14,0.0,0.0,0,0
2019-10-15,0.0,0.0,0,0
2019-10-16,0.0,0.0,0,0
2019-10-17,0.0,0.0,0,0
2019-10-18,0.0,0.0,0,0
2019-10-19,0.0,0.0,0,0
2019-10-20,0.0,0.0,0,0
2019-10-21,0.0,0.0,0,0
2019-10-22,0.0,0.0,0,0
2019-10-23,0.0,0.0,0,0
2019-10-24,0.0,0.0,0,0
2019-10-25,0.0,0.0,0,0
2019-10-26,0.0,0.0,0,0
2019-10-27,0.0,0.0,0,0
2019-10-28,0.0,0.0,0,0
2019-10-29,0.0,0.0,0,0
2019-10-30,0.0,0.0,0,0
2019-10-31,0.0,0.0,0,0
2019-11-01,0.0,0.0,0,0
2019-11-02,0.0,0.0,0,0
2019-11-03,0.0,0.0,0,0
2019-11-04,0.0,0.0,0,0
2019-11-05,0.0,0.0,0,0
2019-11-06,0.0,0.0,0,0
2019-11-07,0.0,0.0,0,0
2019-11-08,0.0,0.0,0,0
2019-11-09,0.0,0.0,0,0
2019-11-10,0.0,0.0,0,0
2019-11-11,0.0,0.0,0,0
2019-11-12,0.0,0.0,0,0
2019-11-13,0.0,0.0,0,0
2019-11-14,0.0,0.0,0,0
2019-11-15,0.0,0.0,0,0
2019-11-16,0.0,0.0,0,0
2019-11-17,0.0,0.0,0,0
2019-11-18,0.0,0.0,0,0
2019-11-19,0.0,0.0,0,0
2019-11-20,0.0,0.0,0,0
2019-11-21,0.0,0.0,0,0
2019-11-22,0.0,0.0,0,0
2019-11-23,0.0,0.0,0,0
2019-11-24,0.0,0.0,0,0
2019-11-25,0.0,0.0,0,0
2019-11-26,0.0,0.0,0,0
2019-11-27,0.0,0.0,0,0
2019-11-28,0.0,0.0,0,0
2019-11-29,0.0,0.0,0,0
2019-11-30,0.0,0.0,0,0
2019-12-01,0.0,0.0,0,0
2019-12-02,0.0,0.0,0,0
2019-12-03,0.0,0.0,0,0
2019-12-04,0.0,0.0,0,0
2019-12-05,0.0,0.0,0,0
2019-12-06,0.0,0.0,0,0
2019-12-07,0.0,0.0,0,0
2019-12-08,0.0,0.0,0,0
2019-12-09,0.0,0.0,0,0
2019-12-10,0.0,0.0,0,0
2019-12-11,0.0,0.0,0,0
2019-12-12,0.0,0.0,0,0
2019-12-13,0.0,0.0,0,0
2019-12-14,0.0,0.0,0,0
2019-12-15,0.0,0.0,0,0
2019-12-16,0.0,0.0,0,0
2019-12-17,0.0,0.0,0,0
2019-12-18,0.0,0.0,0,0
2019-12-19,0.0,0.0,0,0
2019-12-20,0.0,0.0,0,0
2019-12-21,0.0,0.0,0,0
2019-12-22,0.0,0.0,0,0
2019-12-23,0.0,0.0,0,0
2019-12-24,0.0,0.0,0,0
2019-12-25,0.0,0.0,0,0
2019-12-26,0.0,0.0,0,0
2019-12-27,0.0,0.0,0,0
2019-12-28,0.0,0.0,0,0
2019-12-29,0.0,0.0,0,0
2019-12-30,0.0,0.0,0,0
2019-12-31,0.0,0.0,0,0
2020-01-01,0.0,0.0,0,0
2020-01-02,0.0,0.0,0,0
2020-01-03,0.0,0.0,0,0
2020-01-04,0.0,0.0,0,0
2020-01-05,0.0,0.0,0,0
2020-01-06,0.0,0.0,0,0
2020-01-07,0.0,0.0,0,0
2020-01-08,0.0,0.0,0,0
2020-01-09,0.0,0.0,0,0
2020-01-10,0.0,0.0,0,0
2020-01-11,0.0,0.0,0,0
2020-01-12,0.0,0.0,0,0
2020-01-13,0.0,0.0,0,0
2020-01-14,0.0,0.0,0,0
2020-01-15,0.0,0.0,0,0
2020-01-16,0.0,0.0,0,0
2020-01-17,0.0,0.0,0,0
2020-01-18,0.0,0.0,0,0
2020-01-19,0.0,0.0,0,0
2020-01-20,0.0,0.0,0,0
2020-01-21,0.0,0.0,0,0
2020-01-22,0.0,0.0,0,0
2020-01-23,0.0,0.0,0,0
2020-01-24,0.0,0.0,0,0
2020-01-25,0.0,0.0,0,0
2020-01-26,0.0,0.0,0,0
2020-01-27,0.0,0.0,0,0
2020-01-28,0.0,0.0,0,0
2020-01-29,0.0,0.0,0,0
2020-01-30,0.0,0.0,0,0
2020-01-31,0.0,0.0,0,0
2020-02-01,0.0,0.0,0,0
2020-02-02,0.0,0.0,0,0
2020-02-03,0.0,0.0,0,0
2020-02-04,0.0,0.0,0,0
2020-02-05,0.0,0.0,0,0
2020-02-06,0.0,0.0,0,0
2020-02-07,0.0,0.0,0,0
2020-02-08,0.0,0.0,0,0
2020-02-09,0.0,0.0,0,0
2020-02-10,0.0,0.0,0,0
2020-02-11,0.0,0.0,0,0
2020-02-12,0.0,0.0,0,0
2020-02-13,0.0,0.0,0,0
2020-02-14,0.0,0.0,0,0
2020-02-15,0.0,0.0,0,0
2020-02-16,0.0,0.0,0,0
2020-02-17,0.0,0.0,0,0
2020-02-18,0.0,0.0,0,0
2020-02-19,0.0,0.0,0,0
2020-02-20,0.0,0.0,0,0
2020-02-21,0.0,0.0,0,0
2020-02-22,0.0,0.0,0,0
2020-02-23,0.0,0.0,0,0
2020-02-24,0.0,0.0,0,0
2020-02-25,0.0,0.0,0,0
2020-02-26,0.0,0.0,0,0
2020-02-27,0.0,0.0,0,0
2020-02-28,0.0,0.0,0,0
2020-02-29,0.0,0.0,0,0
2020-03-01,0.0,0.0,0,0
2020-03-02,0.0,0.0,0,0
2020-03-03,0.0,0.0,0,0
2020-03-04,0.0,0.0,0,0
2020-03-05,0.0,0.0,0,0
2020-03-06,0.0,0.0,0,0
2020-03-07,0.0,0.0,0,0
2020-03-08,0.0,0.0,0,0
2020-03-09,0.0,0.0,0,0
2020-03-10,0.0,0.0,0,0
2020-03-11,0.0,0.0,0,0
2020-03-12,0.0,0.0,0,0
2020-03-13,0.0,0.0,0,0
2020-03-14,0.0,0.0,0,0
2020-03-15,0.0,0.0,0,0
2020-03-16,0.0,0.0,0,0
2020-03-17,0.0,0.0,0,0
2020-03-18,0.0,0.0,0,0
2020-03-19,0.0,0.0,0,0
2020-03-20,0.0,0.0,0,0
2020-03-21,0.0,0.0,0,0
2020-03-22,0.0,0.0,0,0
2020-03-23,0.0,0.0,0,0
2020-03-24,0.0,0.0,0,0
2020-03-25,0.0,0.0,0,0
2020-03-26,0.0,0.0,0,0
2020-03-27,0.0,0.0,0,0
2020-03-28,0.0,0.0,0,0
2020-03-29,0.0,0.0,0,0
2020-03-30,0.0,0.0,0,0
2020-03-31,0.0,0.0,0,0
2020-04-01,0.0,0.0,0,0
2020-04-02,0.0,0.0,0,0
2020-04-03,0.0,0.0,0,0
2020-04-04,0.0,0.0,0,0
2020-04-05,0.0,0.0,0,0
2020-04-06,0.0,0.0,0,0
2020-04-07,0.0,0.0,0,0
2020-04-08,0.0,0.0,0,0
2020-04-09,0.0,0.0,0,0
2020-04-10,0.0,0.0,0,0
2020-04-11,0.0,0.0,0,0
2020-04-12,0.0,0.0,0,0
2020-04-13,0.0,0.0,0,0
2020-04-14,0.0,0.0,0,0
2020-04-15,0.0,0.0,0,0
2020-04-16,0.0,0.0,0,0
2020-04-17,0.0,0.0,0,0
2020-04-18,0.0,0.0,0,0
2020-04-19,0.0,0.0,0,0
2020-04-20,0.0,0.0,0,0
2020-04-21,0.0,0.0,0,0
2020-04-22,0.0,0.0,0,0
2020-04-23,0.0,0.0,0,0
2020-04-24,0.0,0.0,0,0
2020-04-25,0.0,0.0,0,0
2020-04-26,0.0,0.0,0,0
2020-04-27,0.0,0.0,0,0
2020-04-28,0.0,0.0,0,0
2020-04-29,0.0,0.0,0,0
2020-04-30,0.0,0.0,0,0
2020-05-01,0.0,0.0,0,0
2020-05-02,0.0,0.0,0,0
2020-05-03,0.0,0.0,0,0
2020-05-04,0.0,0.0,0,0
2020-05-05,0.0,0.0,0,0
2020-05-06,0.0,0.0,0,0
2020-05-07,0.0,0.0,0,0
2020-05-08,0.0,0.0,0,0
2020-05-09,0.0,0.0,0,0
2020-05-10,0.0,0.0,0,0
2020-05-11,0.0,0.0,0,0
2020-05-12,0.0,0.0,0,0
2020-05-13,0.0,0.0,0,0
2020-05-14,0.0,0.0,0,0
2020-05-15,0.0,0.0,0,0
2020-05-16,0.0,0.0,0,0
2020-05-17,0.0,0.0,0,0
2020-05-18,0.0,0.0,0,0
2020-05-19,0.0,0.0,0,0
2020-05-20,0.0,0.0,0,0
2020-05-21,0.0,0.0,0,0
2020-05-22,0.0,0.0,0,0
2020-05-23,0.0,0.0,0,0
2020-05-24,0.0,0.0,0,0
2020-05-25,0.0,0.0,0,0
2020-05-26,0.0,0.0,0,0
2020-05-27,0.0,0.0,0,0
2020-05-28,0.0,0.0,0,0
2020-05-29,0.0,0.0,0,0
2020-05-30,0.0,0.0,0,0
2020-05-31,0.0,0.0,0,0
2020-06-01,0.0,0.0,0,0
2020-06-02,0.0,0.0,0,0
2020-06-03,0.0,0.0,0,0
2020-06-04,0.0,0.0,0,0
2020-06-05,0.0,0.0,0,0
2020-06-06,0.0,0.0,0,0
2020-06-07,0.0,0.0,0,0
2020-06-08,0.0,0.0,0,0
2020-06-09,0.0,0.0,0,0
2020-06-10,0.0,0.0,0,0
2020-06-11,0.0,0.0,0,0
2020-06-12,0.0,0.0,0,0
2020-06-13,0.0,0.0,0,0
2020-06-14,0.0,0.0,0,0
2020-06-15,0.0,0.0,0,0
2020-06-16,0.0,0.0,0,0
2020-06-17,0.0,0.0,0,0
2020-06-18,0.0,0.0,0,0
2020-06-19,0.0,0.0,0,0
2020-06-20,0.0,0.0,0,0
2020-06-21,0.0,0.0,0,0
2020-06-22,0.0,0.0,0,0
2020-06-23,0.0,0.0,0,0
2020-06-24,0.0,0.0,0,0
2020-06-25,0.0,0.0,0,0
2020-06-26,0.0,0.0,0,0
2020-06-27,0.0,0.0,0,0
2020-06-28,0.0,0.0,0,0
2020-06-29,0.0,0.0,0,0
2020-06-30,0.0,0.0,0,0
2020-07-01,0.0,0.0,0,0
2020-07-02,0.0,0.0,0,0
2020-07-03,0.0,0.0,0,0
2020-07-04,0.0,0.0,0,0
2020-07-05,0.0,0.0,0,0
2020-07-06,0.0,0.0,0,0
2020-07-07,0.0,0.0,0,0
2020-07-08,0.0,0.0,0,0
2020-07-09,0.0,0.0,0,0
2020-07-10,0.0,0.0,0,0
2020-07-11,0.0,0.0,0,0
2020-07-12,0.0,0.0,0,0
2020-07-13,0.0,0.0,0,0
2020-07-14,0.0,0.0,0,0
2020-07-15,0.0,0.0,0,0
2020-07-16,0.0,0.0,0,0
2020-07-17,0.0,0.0,0,0
2020-07-18,0.0,0.0,0,0
2020-07-19,0.0,0.0,0,0
2020-07-20,0.0,0.0,0,0
2020-07-21,0.0,0.0,0,0
2020-07-22,0.0,0.0,0,0
2020-07-23,0.0,0.0,0,0
2020-07-24,0.0,0.0,0,0
2020-07-25,0.0,0.0,0,0
2020-07-26,0.0,0.0,0,0
2020-07-27,0.0,0.0,0,0
2020-07-28,0.0,0.0,0,0
2020-07-29,0.0,0.0,0,0
2020-07-30,0.0,0.0,0,0
2020-07-31,0.0,0.0,0,0
2020-08-01,0.0,0.0,0,0
2020-08-02,0.0,0.0,0,0
2020-08-03,0.0,0.0,0,0
2020-08-04,0.0,0.0,0,0
2020-08-05,0.0,0.0,0,0
2020-08-06,0.0,0.0,0,0
2020-08-07,0.0,0.0,0,0
2020-08-08,0.0,0.0,0,0
2020-08-09,0.0,0.0,0,0
2020-08-10,0.0,0.0,0,0
2020-08-11,0.0,0.0,0,0
2020-08-12,0.0,0.0,0,0
2020-08-13,0.0,0.0,0,0
2020-08-14,0.0,0.0,0,0
2020-08-15,0.0,0.0,0,0
2020-08-16,0.0,0.0,0,0
2020-08-17,0.0,0.0,0,0
2020-08-18,0.0,0.0,0,0
2020-08-19,0.0,0.0,0,0
2020-08-20,0.0,0.0,0,0
2020-08-21,0.0,0.0,0,0
2020-08-22,0.0,0.0,0,0
2020-08-23,0.0,0.0,0,0
2020-08-24,0.0,0.0,0,0
2020-08-25,0.0,0.0,0,0
2020-08-26,0.0,0.0,0,0
2020-08-27,0.0,0.0,0,0
2020-08-28,0.0,0.0,0,0
2020-08-29,0.0,0.0,0,0
2020-08-30,0.0,0.0,0,0
2020-08-31,0.0,0.0,0,0
2020-09-01,0.0,0.0,0,0
2020-09-02,0.0,0.0,0,0
2020-09-03,0.0,0.0,0,0
2020-09-04,0.0,0.0,0,0
2020-09-05,0.0,0.0,0,0
2020-09-06,0.0,0.0,0,0
2020-09-07,0.0,0.0,0,0
2020-09-08,0.0,0.0,0,0
2020-09-09,0.0,0.0,0,0
2020-09-10,0.0,0.0,0,0
2020-09-11,0.0,0.0,0,0
2020-09-12,0.0,0.0,0,0
2020-09-13,0.0,0.0,0,0
2020-09-14,0.0,0.0,0,0
2020-09-15,0.0,0.0,0,0
2020-09-16,0.0,0.0,0,0
2020-09-17,0.0,0.0,0,0
2020-09-18,0.0,0.0,0,0
2020-09-19,0.0,0.0,0,0
2020-09-20,0.0,0.0,0,0
2020-09-21,0.0,0.0,0,0
2020-09-22,0.0,0.0,0,0
2020-09-23,0.0,0.0,0,0
2020-09-24,0.0,0.0,0,0
2020-09-25,0.0,0.0,0,0
2020-09-26,0.0,0.0,0,0
2020-09-27,0.0,0.0,0,0
2020-09-28,0.0,0.0,0,0
2020-09-29,0.0,0.0,0,0
2020-09-30,0.0,0.0,0,0
2020-10-01,0.0,0.0,0,0
2020-10-02,0.0,0.0,0,0
2020-10-03,0.0,0.0,0,0
2020-10-04,0.0,0.0,0,0
2020-10-05,0.0,0.0,0,0
2020-10-06,0.0,0.0,0,0
2020-10-07,0.0,0.0,0,0
2020-10-08,0.0,0.0,0,0
2020-10-09,0.0,0.0,0,0
2020-10-10,0.0,0.0,0,0
2020-10-11,0.0,0.0,0,0
2020-10-12,0.0,0.0,0,0
2020-10-13,0.0,0.0,0,0
2020-10-14,0.0,0.0,0,0
2020-10-15,0.0,0.0,0,0
2020-10-16,0.0,0.0,0,0
2020-10-17,0.0,0.0,0,0
2020-10-18,0.0,0.0,0,0
2020-10-19,0.0,0.0,0,0
2020-10-20,0.0,0.0,0,0
2020-10-21,0.0,0.0,0,0
2020-10-22,0.0,0.0,0,0
2020-10-23,0.0,0.0,0,0
2020-10-24,0.0,0.0,0,0
2020-10-25,0.0,0.0,0,0
2020-10-26,0.0,0.0,0,0
2020-10-27,0.0,0.0,0,0
2020-10-28,0.0,0.0,0,0
2020-10-29,0.0,0.0,0,0
2020-10-30,0.0,0.0,0,0
2020-10-31,0.0,0.0,0,0
2020-11-01,0.0,0.0,0,0
2020-11-02,0.0,0.0,0,0
2020-11-03,0.0,0.0,0,0
2020-11-04,0.0,0.0,0,0
2020-11-05,0.0,0.0,0,0
2020-11-06,0.0,0.0,0,0
2020-11-07,0.0,0.0,0,0
2020-11-08,0.0,0.0,0,0
2020-11-09,0.0,0.0,0,0
2020-11-10,0.0,0.0,0,0
2020-11-11,0.0,0.0,0,0
2020-11-12,0.0,0.0,0,0
2020-11-13,0.0,0.0,0,0
2020-11-14,0.0,0.0,0,0
2020-11-15,0.0,0.0,0,0
2020-11-16,0.0,0.0,0,0
2020-11-17,0.0,0.0,0,0
2020-11-18,0.0,0.0,0,0
2020-11-19,0.0,0.0,0,0
2020-11-20,0.0,0.0,0,0
2020-11-21,0.0,0.0,0,0
2020-11-22,0.0,0.0,0,0
2020-11-23,0.0,0.0,0,0
2020-11-24,0.0,0.0,0,0
2020-11-25,0.0,0.0,0,0
2020-11-26,0.0,0.0,0,0
2020-11-27,0.0,0.0,0,0
2020-11-28,0.0,0.0,0,0
2020-11-29,0.0,0.0,0,0
2020-11-30,0.0,0.0,0,0
2020-12-01,0.0,0.0,0,0
2020-12-02,0.0,0.0,0,0
2020-12-03,0.0,0.0,0,0
2020-12-04,0.0,0.0,0,0
2020-12-05,0.0,0.0,0,0
2020-12-06,0.0,0.0,0,0
2020-12-07,0.0,0.0,0,0
2020-12-08,0.0,0.0,0,0
2020-12-09,0.0,0.0,0,0
2020-12-10,0.0,0.0,0,0
2020-12-11,0.0,0.0,0,0
2020-12-12,0.0,0.0,0,0
2020-12-13,0.0,0.0,0,0
2020-12-14,0.0,0.0,0,0
2020-12-15,0.0,0.0,0,0
2020-12-16,0.0,0.0,0,0
2020-12-17,0.0,0.0,0,0
2020-12-18,0.0,0.0,0,0
2020-12-19,0.0,0.0,0,0
2020-12-20,0.0,0.0,0,0
2020-12-21,0.0,0.0,0,0
2020-12-22,0.0,0.0,0,0
2020-12-23,0.0,0.0,0,0
2020-12-24,0.0,0.0,0,0
2020-12-25,0.0,0.0,0,0
2020-12-26,0.0,0.0,0,0
2020-12-27,0.0,0.0,0,0
2020-12-28,0.0,0.0,0,0
2020-12-29,0.0,0.0,0,0
2020-12-30,0.0,0.0,0,0
2020-12-31,0.0,0.0,0,0
2021-01-01,0.0,0.0,0,0
2021-01-02,0.0,0.0,0,0
2021-01-03,0.0,0.0,0,0
2021-01-04,0.0,0.0,0,0
2021-01-05,0.0,0.0,0,0
2021-01-06,0.0,0.0,0,0
2021-01-07,0.0,0.0,0,0
2021-01-08,0.0,0.0,0,0
2021-01-09,0.0,0.0,0,0
2021-01-10,0.0,0.0,0,0
2021-01-11,0.0,0.0,0,0
2021-01-12,0.0,0.0,0,0
2021-01-13,0.0,0.0,0,0
2021-01-14,0.0,0.0,0,0
2021-01-15,0.0,0.0,0,0
2021-01-16,0.0,0.0,0,0
2021-01-17,0.0,0.0,0,0
2021-01-18,0.0,0.0,0,0
2021-01-19,0.0,0.0,0,0
2021-01-20,0.0,0.0,0,0
2021-01-21,0.0,0.0,0,0
2021-01-22,0.0,0.0,0,0
2021-01-23,0.0,0.0,0,0
2021-01-24,0.0,0.0,0,0
2021-01-25,0.0,0.0,0,0
2021-01-26,0.0,0.0,0,0
2021-01-27,0.0,0.0,0,0
2021-01-28,0.0,0.0,0,0
2021-01-29,0.0,0.0,0,0
2021-01-30,0.0,0.0,0,0
2021-01-31,0.0,0.0,0,0
2021-02-01,0.0,0.0,0,0
2021-02-02,0.0,0.0,0,0
2021-02-03,0.0,0.0,0,0
2021-02-04,0.0,0.0,0,0
2021-02-05,0.0,0.0,0,0
2021-02-06,0.0,0.0,0,0
2021-02-07,0.0,0.0,0,0
2021-02-08,0.0,0.0,0,0
2021-02-09,0.0,0.0,0,0
2021-02-10,0.0,0.0,0,0
2021-02-11,0.0,0.0,0,0
2021-02-12,0.0,0.0,0,0
2021-02-13,0.0,0.0,0,0
2021-02-14,0.0,0.0,0,0
2021-02-15,0.0,0.0,0,0
2021-02-16,0.0,0.0,0,0
2021-02-17,0.0,0.0,0,0
2021-02-18,0.0,0.0,0,0
2021-02-19,0.0,0.0,0,0
2021-02-20,0.0,0.0,0,0
2021-02-21,0.0,0.0,0,0
2021-02-22,0.0,0.0,0,0
2021-02-23,0.0,0.0,0,0
2021-02-24,0.0,0.0,0,0
2021-02-25,0.0,0.0,0,0
2021-02-26,0.0,0.0,0,0
2021-02-27,0.0,0.0,0,0
2021-02-28,0.0,0.0,0,0
2021-03-01,0.0,0.0,0,0
2021-03-02,0.0,0.0,0,0
2021-03-03,0.0,0.0,0,0
2021-03-04,0.0,0.0,0,0
2021-03-05,0.0,0.0,0,0
2021-03-06,0.0,0.0,0,0
2021-03-07,0.0,0.0,0,0
2021-03-08,0.0,0.0,0,0
2021-03-09,0.0,0.0,0,0
2021-03-10,0.0,0.0,0,0
2021-03-11,0.0,0.0,0,0
2021-03-12,0.0,0.0,0,0
2021-03-13,0.0,0.0,0,0
2021-03-14,0.0,0.0,0,0
2021-03-15,0.0,0.0,0,0
2021-03-16,0.0,0.0,0,0
2021-03-17,0.0,0.0,0,0
2021-03-18,0.0,0.0,0,0
2021-03-19,0.0,0.0,0,0
2021-03-20,0.0,0.0,0,0
2021-03-21,0.0,0.0,0,0
2021-03-22,0.0,0.0,0,0
2021-03-23,0.0,0.0,0,0
2021-03-24,0.0,0.0,0,0
2021-03-25,0.0,0.0,0,0
2021-03-26,0.0,0.0,0,0
2021-03-27,0.0,0.0,0,0
2021-03-28,0.0,0.0,0,0
2021-03-29,0.0,0.0,0,0
2021-03-30,0.0,0.0,0,0
2021-03-31,0.0,0.0,0,0
2021-04-01,0.0,0.0,0,0
2021-04-02,0.0,0.0,0,0
2021-04-03,0.0,0.0,0,0
2021-04-04,0.0,0.0,0,0
2021-04-05,0.0,0.0,0,0
2021-04-06,0.0,0.0,0,0
2021-04-07,0.0,0.0,0,0
2021-04-08,0.0,0.0,0,0
2021-04-09,0.0,0.0,0,0
2021-04-10,0.0,0.0,0,0
2021-04-11,0.0,0.0,0,0
2021-04-12,0.0,0.0,0,0
2021-04-13,0.0,0.0,0,0
2021-04-14,0.0,0.0,0,0
2021-04-15,0.0,0.0,0,0
2021-04-16,0.0,0.0,0,0
2021-04-17,0.0,0.0,0,0
2021-04-18,0.0,0.0,0,0
2021-04-19,0.0,0.0,0,0
2021-04-20,0.0,0.0,0,0
2021-04-21,0.0,0.0,0,0
2021-04-22,0.0,0.0,0,0
2021-04-23,0.0,0.0,0,0
2021-04-24,0.0,0.0,0,0
2021-04-25,0.0,0.0,0,0
2021-04-26,0.0,0.0,0,0
2021-04-27,0.0,0.0,0,0
2021-04-28,0.0,0.0,0,0
2021-04-29,0.0,0.0,0,0
2021-04-30,0.0,0.0,0,0
2021-05-01,0.0,0.0,0,0
2021-05-02,0.0,0.0,0,0
2021-05-03,0.0,0.0,0,0
2021-05-04,0.0,0.0,0,0
2021-05-05,0.0,0.0,0,0
2021-05-06,0.0,0.0,0,0
2021-05-07,0.0,0.0,0,0
2021-05-08,0.0,0.0,0,0
2021-05-09,0.0,0.0,0,0
2021-05-10,0.0,0.0,0,0
2021-05-11,0.0,0.0,0,0
2021-05-12,0.0,0.0,0,0
2021-05-13,0.0,0.0,0,0
2021-05-14,0.0,0.0,0,0
2021-05-15,0.0,0.0,0,0
2021-05-16,0.0,0.0,0,0
2021-05-17,0.0,0.0,0,0
2021-05-18,0.0,0.0,0,0
2021-05-19,0.0,0.0,0,0
2021-05-20,0.0,0.0,0,0
2021-05-21,0.0,0.0,0,0
2021-05-22,0.0,0.0,0,0
2021-05-23,0.0,0.0,0,0
2021-05-24,0.0,0.0,0,0
2021-05-25,0.0,0.0,0,0
2021-05-26,0.0,0.0,0,0
2021-05-27,0.0,0.0,0,0
2021-05-28,0.0,0.0,0,0
2021-05-29,0.0,0.0,0,0
2021-05-30,0.0,0.0,0,0
2021-05-31,0.0,0.0,0,0
2021-06-01,0.0,0.0,0,0
2021-06-02,0.0,0.0,0,0
2021-06-03,0.0,0.0,0,0
2021-06-04,0.0,0.0,0,0
2021-06-05,0.0,0.0,0,0
2021-06-06,0.0,0.0,0,0
2021-06-07,0.0,0.0,0,0
2021-06-08,0.0,0.0,0,0
2021-06-09,0.0,0.0,0,0
2021-06-10,0.0,0.0,0,0
2021-06-11,0.0,0.0,0,0
2021-06-12,0.0,0.0,0,0
2021-06-13,0.0,0.0,0,0
2021-06-14,0.0,0.0,0,0
2021-06-15,0.0,0.0,0,0
2021-06-16,0.0,0.0,0,0
2021-06-17,0.0,0.0,0,0
2021-06-18,0.0,0.0,0,0
2021-06-19,0.0,0.0,0,0
2021-06-20,0.0,0.0,0,0
2021-06-21,0.0,0.0,0,0
2021-06-22,0.0,0.0,0,0
2021-06-23,0.0,0.0,0,0
2021-06-24,0.0,0.0,0,0
2021-06-25,0.0,0.0,0,0
2021-06-26,0.0,0.0,0,0
2021-06-27,0.0,0.0,0,0
2021-06-28,0.0,0.0,0,0
2021-06-29,0.0,0.0,0,0
2021-06-30,0.0,0.0,0,0
2021-07-01,0.0,0.0,0,0
2021-07-02,0.0,0.0,0,0
2021-07-03,0.0,0.0,0,0
2021-07-04,0.0,0.0,0,0
2021-07-05,0.0,0.0,0,0
2021-07-06,0.0,0.0,0,0
2021-07-07,0.0,0.0,0,0
2021-07-08,0.0,0.0,0,0
2021-07-09,0.0,0.0,0,0
2021-07-10,0.0,0.0,0,0
2021-07-11,0.0,0.0,0,0
2021-07-12,0.0,0.0,0,0
2021-07-13,0.0,0.0,0,0
2021-07-14,0.0,0.0,0,0
2021-07-15,0.0,0.0,0,0
2021-07-16,0.0,0.0,0,0
2021-07-17,0.0,0.0,0,0
2021-07-18,0.0,0.0,0,0
2021-07-19,0.0,0.0,0,0
2021-07-20,0.0,0.0,0,0
2021-07-21,0.0,0.0,0,0
2021-07-22,0.0,0.0,0,0
2021-07-23,0.0,0.0,0,0
2021-07-24,0.0,0.0,0,0
2021-07-25,0.0,0.0,0,0
2021-07-26,0.0,0.0,0,0
2021-07-27,0.0,0.0,0,0
2021-07-28,0.0,0.0,0,0
2021-07-29,0.0,0.0,0,0
2021-07-30,0.0,0.0,0,0
2021-07-31,0.0,0.0,0,0
2021-08-01,0.0,0.0,0,0
2021-08-02,0.0,0.0,0,0
2021-08-03,0.0,0.0,0,0
2021-08-04,0.0,0.0,0,0
2021-08-05,0.0,0.0,0,0
2021-08-06,0.0,0.0,0,0
2021-08-07,0.0,0.0,0,0
2021-08-08,0.0,0.0,0,0
2021-08-09,0.0,0.0,0,0
2021-08-10,0.0,0.0,0,0
2021-08-11,0.0,0.0,0,0
2021-08-12,0.0,0.0,0,0
2021-08-13,0.0,0.0,0,0
2021-08-14,0.0,0.0,0,0
2021-08-15,0.0,0.0,0,0
2021-08-16,0.0,0.0,0,0
2021-08-17,0.0,0.0,0,0
2021-08-18,0.0,0.0,0,0
2021-08-19,0.0,0.0,0,0
2021-08-20,0.0,0.0,0,0
2021-08-21,0.0,0.0,0,0
2021-08-22,0.0,0.0,0,0
2021-08-23,0.0,0.0,0,0
2021-08-24,0.0,0.0,0,0
2021-08-25,0.0,0.0,0,0
2021-08-26,0.0,0.0,0,0
2021-08-27,0.0,0.0,0,0
2021-08-28,0.0,0.0,0,0
2021-08-29,0.0,0.0,0,0
2021-08-30,0.0,0.0,0,0
2021-08-31,0.0,0.0,0,0
2021-09-01,0.0,0.0,0,0
2021-09-02,0.0,0.0,0,0
2021-09-03,0.0,0.0,0,0
2021-09-04,0.0,0.0,0,0
2021-09-05,0.0,0.0,0,0
2021-09-06,0.0,0.0,0,0
2021-09-07,0.0,0.0,0,0
2021-09-08,0.0,0.0,0,0
2021-09-09,0.0,0.0,0,0
2021-09-10,0.0,0.0,0,0
2021-09-11,0.0,0.0,0,0
2021-09-12,0.0,0.0,0,0
2021-09-13,0.0,0.0,0,0
2021-09-14,0.0,0.0,0,0
2021-09-15,0.0,0.0,0,0
2021-09-16,0.0,0.0,0,0
2021-09-17,0.0,0.0,0,0
2021-09-18,0.0,0.0,0,0
2021-09-19,0.0,0.0,0,0
2021-09-20,0.0,0.0,0,0
2021-09-21,0.0,0.0,0,0
2021-09-22,0.0,0.0,0,0
2021-09-23,0.0,0.0,0,0
2021-09-24,0.0,0.0,0,0
2021-09-25,0.0,0.0,0,0
2021-09-26,0.0,0.0,0,0
2021-09-27,0.0,0.0,0,0
2021-09-28,0.0,0.0,0,0
2021-09-29,0.0,0.0,0,0
2021-09-30,0.0,0.0,0,0
2021-10-01,0.0,0.0,0,0
2021-10-02,0.0,0.0,0,0
2021-10-03,0.0,0.0,0,0
2021-10-04,0.0,0.0,0,0
2021-10-05,0.0,0.0,0,0
2021-10-06,0.0,0.0,0,0
2021-10-07,0.0,0.0,0,0
2021-10-08,0.0,0.0,0,0
2021-10-09,0.0,0.0,0,0
2021-10-10,0.0,0.0,0,0
2021-10-11,0.0,0.0,0,0
2021-10-12,0.0,0.0,0,0
2021-10-13,0.0,0.0,0,0
2021-10-14,0.0,0.0,0,0
2021-10-15,0.0,0.0,0,0
2021-10-16,0.0,0.0,0,0
2021-10-17,0.0,0.0,0,0
2021-10-18,0.0,0.0,0,0
2021-10-19,0.0,0.0,0,0
2021-10-20,0.0,0.0,0,0
2021-10-21,0.0,0.0,0,0
2021-10-22,0.0,0.0,0,0
2021-10-23,0.0,0.0,0,0
2021-10-24,0.0,0.0,0,0
2021-10-25,0.0,0.0,0,0
2021-10-26,0.0,0.0,0,0
2021-10-27,0.0,0.0,0,0
2021-10-28,0.0,0.0,0,0
2021-10-29,0.0,0.0,0,0
2021-10-30,0.0,0.0,0,0
2021-10-31,0.0,0.0,0,0
2021-11-01,0.0,0.0,0,0
2021-11-02,0.0,0.0,0,0
2021-11-03,0.0,0.0,0,0
2021-11-04,0.0,0.0,0,0
2021-11-05,0.0,0.0,0,0
2021-11-06,0.0,0.0,0,0
2021-11-07,0.0,0.0,0,0
2021-11-08,0.0,0.0,0,0
2021-11-09,0.0,0.0,0,0
2021-11-10,0.0,0.0,0,0
2021-11-11,0.0,0.0,0,0
2021-11-12,0.0,0.0,0,0
2021-11-13,0.0,0.0,0,0
2021-11-14,0.0,0.0,0,0
2021-11-15,0.0,0.0,0,0
2021-11-16,0.0,0.0,0,0
2021-11-17,0.0,0.0,0,0
2021-11-18,0.0,0.0,0,0
2021-11-19,0.0,0.0,0,0
2021-11-20,0.0,0.0,0,0
2021-11-21,0.0,0.0,0,0
2021-11-22,0.0,0.0,0,0
2021-11-23,0.0,0.0,0,0
2021-11-24,0.0,0.0,0,0
2021-11-25,0.0,0.0,0,0
2021-11-26,0.0,0.0,0,0
2021-11-27,0.0,0.0,0,0
2021-11-28,0.0,0.0,0,0
2021-11-29,0.0,0.0,0,0
2021-11-30,0.0,0.0,0,0
2021-12-01,0.0,0.0,0,0
2021-12-02,0.0,0.0,0,0
2021-12-03,0.0,0.0,0,0
2021-12-04,0.0,0.0,0,0
2021-12-05,0.0,0.0,0,0
2021-12-06,0.0,0.0,0,0
2021-12-07,0.0,0.0,0,0
2021-12-08,0.0,0.0,0,0
2021-12-09,0.0,0.0,0,0
2021-12-10,0.0,0.0,0,0
2021-12-11,0.0,0.0,0,0
2021-12-12,0.0,0.0,0,0
2021-12-13,0.0,0.0,0,0
2021-12-14,0.0,0.0,0,0
2021-12-15,0.0,0.0,0,0
2021-12-16,0.0,0.0,0,0
2021-12-17,0.0,0.0,0,0
2021-12-18,0.0,0.0,0,0
2021-12-19,0.0,0.0,0,0
2021-12-20,0.0,0.0,0,0
2021-12-21,0.0,0.0,0,0
2021-12-22,0.0,0.0,0,0
2021-12-23,0.0,0.0,0,0
2021-12-24,0.0,0.0,0,0
2021-12-25,0.0,0.0,0,0
2021-12-26,0.0,0.0,0,0
2021-12-27,0.0,0.0,0,0
2021-12-28,0.0,0.0,0,0
2021-12-29,0.0,0.0,0,0
2021-12-30,0.0,0.0,0,0
2021-12-31,0.0,0.0,0,0
2022-01-01,0.0,0.0,0,0
2022-01-02,0.0,0.0,0,0
2022-01-03,0.0,0.0,0,0
2022-01-04,0.0,0.0,0,0
2022-01-05,0.0,0.0,0,0
2022-01-06,0.0,0.0,0,0
2022-01-07,0.0,0.0,0,0
2022-01-08,0.0,0.0,0,0
2022-01-09,0.0,0.0,0,0
2022-01-10,0.0,0.0,0,0
2022-01-11,0.0,0.0,0,0
2022-01-12,0.0,0.0,0,0
2022-01-13,0.0,0.0,0,0
2022-01-14,0.0,0.0,0,0
2022-01-15,0.0,0.0,0,0
2022-01-16,0.0,0.0,0,0
2022-01-17,0.0,0.0,0,0
2022-01-18,0.0,0.0,0,0
2022-01-19,0.0,0.0,0,0
2022-01-20,0.0,0.0,0,0
2022-01-21,0.0,0.0,0,0
2022-01-22,0.0,0.0,0,0
2022-01-23,0.0,0.0,0,0
2022-01-24,0.0,0.0,0,0
2022-01-25,0.0,0.0,0,0
2022-01-26,0.0,0.0,0,0
2022-01-27,0.0,0.0,0,0
2022-01-28,0.0,0.0,0,0
2022-01-29,0.0,0.0,0,0
2022-01-30,0.0,0.0,0,0
2022-01-31,0.0,0.0,0,0
2022-02-01,0.0,0.0,0,0
2022-02-02,0.0,0.0,0,0
2022-02-03,0.0,0.0,0,0
2022-02-04,0.0,0.0,0,0
2022-02-05,0.0,0.0,0,0
2022-02-06,0.0,0.0,0,0
2022-02-07,0.0,0.0,0,0
2022-02-08,0.0,0.0,0,0
2022-02-09,0.0,0.0,0,0
2022-02-10,0.0,0.0,0,0
2022-02-11,0.0,0.0,0,0
2022-02-12,0.0,0.0,0,0
2022-02-13,0.0,0.0,0,0
2022-02-14,0.0,0.0,0,0
2022-02-15,0.0,0.0,0,0
2022-02-16,0.0,0.0,0,0
2022-02-17,0.0,0.0,0,0
2022-02-18,0.0,0.0,0,0
2022-02-19,0.0,0.0,0,0
2022-02-20,0.0,0.0,0,0
2022-02-21,0.0,0.0,0,0
2022-02-22,0.0,0.0,0,0
2022-02-23,0.0,0.0,0,0
2022-02-24,0.0,0.0,0,0
2022-02-25,0.0,0.0,0,0
2022-02-26,0.0,0.0,0,0
2022-02-27,0.0,0.0,0,0
2022-02-28,0.0,0.0,0,0
2022-03-01,0.0,0.0,0,0
2022-03-02,0.0,0.0,0,0
2022-03-03,0.0,0.0,0,0
2022-03-04,0.0,0.0,0,0
2022-03-05,0.0,0.0,0,0
2022-03-06,0.0,0.0,0,0
2022-03-07,0.0,0.0,0,0
2022-03-08,0.0,0.0,0,0
2022-03-09,0.0,0.0,0,0
2022-03-10,0.0,0.0,0,0
2022-03-11,0.0,0.0,0,0
2022-03-12,0.0,0.0,0,0
2022-03-13,0.0,0.0,0,0
2022-03-14,0.0,0.0,0,0
2022-03-15,0.0,0.0,0,0
2022-03-16,0.0,0.0,0,0
2022-03-17,0.0,0.0,0,0
2022-03-18,0.0,0.0,0,0
2022-03-19,0.0,0.0,0,0
2022-03-20,0.0,0.0,0,0
2022-03-21,0.0,0.0,0,0
2022-03-22,0.0,0.0,0,0
2022-03-23,0.0,0.0,0,0
2022-03-24,0.0,0.0,0,0
2022-03-25,0.0,0.0,0,0
2022-03-26,0.0,0.0,0,0
2022-03-27,0.0,0.0,0,0
2022-03-28,0.0,0.0,0,0
2022-03-29,0.0,0.0,0,0
2022-03-30,0.0,0.0,0,0
2022-03-31,0.0,0.0,0,0
2022-04-01,0.0,0.0,0,0
2022-04-02,0.0,0.0,0,0
2022-04-03,0.0,0.0,0,0
2022-04-04,0.0,0.0,0,0
2022-04-05,0.0,0.0,0,0
2022-04-06,0.0,0.0,0,0
2022-04-07,0.0,0.0,0,0
2022-04-08,0.0,0.0,0,0
2022-04-09,0.0,0.0,0,0
2022-04-10,0.0,0.0,0,0
2022-04-11,0.0,0.0,0,0
2022-04-12,0.0,0.0,0,0
2022-04-13,0.0,0.0,0,0
2022-04-14,0.0,0.0,0,0
2022-04-15,0.0,0.0,0,0
2022-04-16,0.0,0.0,0,0
2022-04-17,0.0,0.0,0,0
2022-04-18,0.0,0.0,0,0
2022-04-19,0.0,0.0,0,0
2022-04-20,0.0,0.0,0,0
2022-04-21,0.0,0.0,0,0
2022-04-22,0.0,0.0,0,0
2022-04-23,0.0,0.0,0,0
2022-04-24,0.0,0.0,0,0
2022-04-25,0.0,0.0,0,0
2022-04-26,0.0,0.0,0,0
2022-04-27,0.0,0.0,0,0
2022-04-28,0.0,0.0,0,0
2022-04-29,0.0,0.0,0,0
2022-04-30,0.0,0.0,0,0
2022-05-01,0.0,0.0,0,0
2022-05-02,0.0,0.0,0,0
2022-05-03,0.0,0.0,0,0
2022-05-04,0.0,0.0,0,0
2022-05-05,0.0,0.0,0,0
2022-05-06,0.0,0.0,0,0
2022-05-07,0.0,0.0,0,0
2022-05-08,0.0,0.0,0,0
2022-05-09,0.0,0.0,0,0
2022-05-10,0.0,0.0,0,0
2022-05-11,0.0,0.0,0,0
2022-05-12,0.0,0.0,0,0
2022-05-13,0.0,0.0,0,0
2022-05-14,0.0,0.0,0,0
2022-05-15,0.0,0.0,0,0
2022-05-16,0.0,0.0,0,0
2022-05-17,0.0,0.0,0,0
2022-05-18,0.0,0.0,0,0
2022-05-19,0.0,0.0,0,0
2022-05-20,0.0,0.0,0,0
2022-05-21,0.0,0.0,0,0
2022-05-22,0.0,0.0,0,0
2022-05-23,0.0,0.0,0,0
2022-05-24,0.0,0.0,0,0
2022-05-25,0.0,0.0,0,0
2022-05-26,0.0,0.0,0,0
2022-05-27,0.0,0.0,0,0
2022-05-28,0.0,0.0,0,0
2022-05-29,0.0,0.0,0,0
2022-05-30,0.0,0.0,0,0
2022-05-31,0.0,0.0,0,0
2022-06-01,0.0,0.0,0,0
2022-06-02,0.0,0.0,0,0
2022-06-03,0.0,0.0,0,0
2022-06-04,0.0,0.0,0,0
2022-06-05,0.0,0.0,0,0
2022-06-06,0.0,0.0,0,0
2022-06-07,0.0,0.0,0,0
2022-06-08,0.0,0.0,0,0
2022-06-09,0.0,0.0,0,0
2022-06-10,0.0,0.0,0,0
2022-06-11,0.0,0.0,0,0
2022-06-12,0.0,0.0,0,0
2022-06-13,0.0,0.0,0,0
2022-06-14,0.0,0.0,0,0
2022-06-15,0.0,0.0,0,0
2022-06-16,0.0,0.0,0,0
2022-06-17,0.0,0.0,0,0
2022-06-18,0.0,0.0,0,0
2022-06-19,0.0,0.0,0,0
2022-06-20,0.0,0.0,0,0
2022-06-21,0.0,0.0,0,0
2022-06-22,0.0,0.0,0,0
2022-06-23,0.0,0.0,0,0
2022-06-24,0.0,0.0,0,0
2022-06-25,0.0,0.0,0,0
2022-06-26,0.0,0.0,0,0
2022-06-27,0.0,0.0,0,0
2022-06-28,0.0,0.0,0,0
2022-06-29,0.0,0.0,0,0
2022-06-30,0.0,0.0,0,0
2022-07-01,0.0,0.0,0,0
2022-07-02,0.0,0.0,0,0
2022-07-03,0.0,0.0,0,0
2022-07-04,0.0,0.0,0,0
2022-07-05,0.0,0.0,0,0
2022-07-06,0.0,0.0,0,0
2022-07-07,0.0,0.0,0,0
2022-07-08,0.0,0.0,0,0
2022-07-09,0.0,0.0,0,0
2022-07-10,0.0,0.0,0,0
2022-07-11,0.0,0.0,0,0
2022-07-12,0.0,0.0,0,0
2022-07-13,0.0,0.0,0,0
2022-07-14,0.0,0.0,0,0
2022-07-15,0.0,0.0,0,0
2022-07-16,0.0,0.0,0,0
2022-07-17,0.0,0.0,0,0
2022-07-18,0.0,0.0,0,0
2022-07-19,0.0,0.0,0,0
2022-07-20,0.0,0.0,0,0
2022-07-21,0.0,0.0,0,0
2022-07-22,0.0,0.0,0,0
2022-07-23,0.0,0.0,0,0
2022-07-24,0.0,0.0,0,0
2022-07-25,0.0,0.0,0,0
2022-07-26,0.0,0.0,0,0
2022-07-27,0.0,0.0,0,0
2022-07-28,0.0,0.0,0,0
2022-07-29,0.0,0.0,0,0
2022-07-30,0.0,0.0,0,0
2022-07-31,0.0,0.0,0,0
2022-08-01,0.0,0.0,0,0
2022-08-02,0.0,0.0,0,0
2022-08-03,0.0,0.0,0,0
2022-08-04,0.0,0.0,0,0
2022-08-05,0.0,0.0,0,0
2022-08-06,0.0,0.0,0,0
2022-08-07,0.0,0.0,0,0
2022-08-08,0.0,0.0,0,0
2022-08-09,0.0,0.0,0,0
2022-08-10,0.0,0.0,0,0
2022-08-11,0.0,0.0,0,0
2022-08-12,0.0,0.0,0,0
2022-08-13,0.0,0.0,0,0
2022-08-14,0.0,0.0,0,0
2022-08-15,0.0,0.0,0,0
2022-08-16,0.0,0.0,0,0
2022-08-17,0.0,0.0,0,0
2022-08-18,0.0,0.0,0,0
2022-08-19,0.0,0.0,0,0
2022-08-20,0.0,0.0,0,0
2022-08-21,0.0,0.0,0,0
2022-08-22,0.0,0.0,0,0
2022-08-23,0.0,0.0,0,0
2022-08-24,0.0,0.0,0,0
2022-08-25,0.0,0.0,0,0
2022-08-26,0.0,0.0,0,0
2022-08-27,0.0,0.0,0,0
2022-08-28,0.0,0.0,0,0
2022-08-29,0.0,0.0,0,0
2022-08-30,0.0,0.0,0,0
2022-08-31,0.0,0.0,0,0
2022-09-01,0.0,0.0,0,0
2022-09-02,0.0,0.0,0,0
2022-09-03,0.0,0.0,0,0
2022-09-04,0.0,0.0,0,0
2022-09-05,0.0,0.0,0,0
2022-09-06,0.0,0.0,0,0
2022-09-07,0.0,0.0,0,0
2022-09-08,0.0,0.0,0,0
2022-09-09,0.0,0.0,0,0
2022-09-10,0.0,0.0,0,0
2022-09-11,0.0,0.0,0,0
2022-09-12,0.0,0.0,0,0
2022-09-13,0.0,0.0,0,0
2022-09-14,0.0,0.0,0,0
2022-09-15,0.0,0.0,0,0
2022-09-16,0.0,0.0,0,0
2022-09-17,0.0,0.0,0,0
2022-09-18,0.0,0.0,0,0
2022-09-19,0.0,0.0,0,0
2022-09-20,0.0,0.0,0,0
2022-09-21,0.0,0.0,0,0
2022-09-22,0.0,0.0,0,0
2022-09-23,0.0,0.0,0,0
2022-09-24,0.0,0.0,0,0
2022-09-25,0.0,0.0,0,0
2022-09-26,0.0,0.0,0,0
2022-09-27,0.0,0.0,0,0
2022-09-28,0.0,0.0,0,0
2022-09-29,0.0,0.0,0,0
2022-09-30,0.0,0.0,0,0
2022-10-01,0.0,0.0,0,0
2022-10-02,0.0,0.0,0,0
2022-10-03,0.0,0.0,0,0
2022-10-04,0.0,0.0,0,0
2022-10-05,0.0,0.0,0,0
2022-10-06,0.0,0.0,0,0
2022-10-07,0.0,0.0,0,0
2022-10-08,0.0,0.0,0,0
2022-10-09,0.0,0.0,0,0
2022-10-10,0.0,0.0,0,0
2022-10-11,0.0,0.0,0,0
2022-10-12,0.0,0.0,0,0
2022-10-13,0.0,0.0,0,0
2022-10-14,0.0,0.0,0,0
2022-10-15,0.0,0.0,0,0
2022-10-16,0.0,0.0,0,0
2022-10-17,0.0,0.0,0,0
2022-10-18,0.0,0.0,0,0
2022-10-19,0.0,0.0,0,0
2022-10-20,0.0,0.0,0,0
2022-10-21,0.0,0.0,0,0
2022-10-22,0.0,0.0,0,0
2022-10-23,0.0,0.0,0,0
2022-10-24,0.0,0.0,0,0
2022-10-25,0.0,0.0,0,0
2022-10-26,0.0,0.0,0,0
2022-10-27,0.0,0.0,0,0
2022-10-28,0.0,0.0,0,0
2022-10-29,0.0,0.0,0,0
2022-10-30,0.0,0.0,0,0
2022-10-31,0.0,0.0,0,0
2022-11-01,0.0,0.0,0,0
2022-11-02,0.0,0.0,0,0
2022-11-03,0.0,0.0,0,0
2022-11-04,0.0,0.0,0,0
2022-11-05,0.0,0.0,0,0
2022-11-06,0.0,0.0,0,0
2022-11-07,0.0,0.0,0,0
2022-11-08,0.0,0.0,0,0
2022-11-09,0.0,0.0,0,0
2022-11-10,0.0,0.0,0,0
2022-11-11,0.0,0.0,0,0
2022-11-12,0.0,0.0,0,0
2022-11-13,0.0,0.0,0,0
2022-11-14,0.0,0.0,0,0
2022-11-15,0.0,0.0,0,0
2022-11-16,0.0,0.0,0,0
2022-11-17,0.0,0.0,0,0
2022-11-18,0.0,0.0,0,0
2022-11-19,0.0,0.0,0,0
2022-11-20,0.0,0.0,0,0
2022-11-21,0.0,0.0,0,0
2022-11-22,0.0,0.0,0,0
2022-11-23,0.0,0.0,0,0
2022-11-24,0.0,0.0,0,0
2022-11-25,0.0,0.0,0,0
2022-11-26,0.0,0.0,0,0
2022-11-27,0.0,0.0,0,0
2022-11-28,0.0,0.0,0,0
2022-11-29,0.0,0.0,0,0
2022-11-30,0.0,0.0,0,0
2022-12-01,0.0,0.0,0,0
2022-12-02,0.0,0.0,0,0
2022-12-03,0.0,0.0,0,0
2022-12-04,0.0,0.0,0,0
2022-12-05,0.0,0.0,0,0
2022-12-06,0.0,0.0,0,0
2022-12-07,0.0,0.0,0,0
2022-12-08,0.0,0.0,0,0
2022-12-09,0.0,0.0,0,0
2022-12-10,0.0,0.0,0,0
2022-12-11,0.0,0.0,0,0
2022-12-12,0.0,0.0,0,0
2022-12-13,0.0,0.0,0,0
2022-12-14,0.0,0.0,0,0
2022-12-15,0.0,0.0,0,0
2022-12-16,0.0,0.0,0,0
2022-12-17,0.0,0.0,0,0
2022-12-18,0.0,0.0,0,0
2022-12-19,0.0,0.0,0,0
2022-12-20,0.0,0.0,0,0
2022-12-21,0.0,0.0,0,0
2022-12-22,0.0,0.0,0,0
2022-12-23,0.0,0.0,0,0
2022-12-24,0.0,0.0,0,0
2022-12-25,0.0,0.0,0,0
2022-12-26,0.0,0.0,0,0
2022-12-27,0.0,0.0,0,0
2022-12-28,0.0,0.0,0,0
2022-12-29,0.0,0.0,0,0
2022-12-30,0.0,0.0,0,0
2022-12-31,0.0,0.0,0,0
2023-01-01,0.0,0.0,0,0
2023-01-02,0.0,0.0,0,0
2023-01-03,0.0,0.0,0,0
2023-01-04,0.0,0.0,0,0
2023-01-05,0.0,0.0,0,0
2023-01-06,0.0,0.0,0,0
2023-01-07,0.0,0.0,0,0
2023-01-08,0.0,0.0,0,0
2023-01-09,0.0,0.0,0,0
2023-01-10,0.0,0.0,0,0
2023-01-11,0.0,0.0,0,0
2023-01-12,0.0,0.0,0,0
2023-01-13,0.0,0.0,0,0
2023-01-14,0.0,0.0,0,0
2023-01-15,0.0,0.0,0,0
2023-01-16,0.0,0.0,0,0
2023-01-17,0.0,0.0,0,0
2023-01-18,0.0,0.0,0,0
2023-01-19,0.0,0.0,0,0
2023-01-20,0.0,0.0,0,0
2023-01-21,0.0,0.0,0,0
2023-01-22,0.0,0.0,0,0
2023-01-23,0.0,0.0,0,0
2023-01-24,0.0,0.0,0,0
2023-01-25,0.0,0.0,0,0
2023-01-26,0.0,0.0,0,0
2023-01-27,0.0,0.0,0,0
2023-01-28,0.0,0.0,0,0
2023-01-29,0.0,0.0,0,0
2023-01-30,0.0,0.0,0,0
2023-01-31,0.0,0.0,0,0
2023-02-01,0.0,0.0,0,0
2023-02-02,0.0,0.0,0,0
2023-02-03,0.0,0.0,0,0
2023-02-04,0.0,0.0,0,0
2023-02-05,0.0,0.0,0,0
2023-02-06,0.0,0.0,0,0
2023-02-07,0.0,0.0,0,0
2023-02-08,0.0,0.0,0,0
2023-02-09,0.0,0.0,0,0
2023-02-10,0.0,0.0,0,0
2023-02-11,0.0,0.0,0,0
2023-02-12,0.0,0.0,0,0
2023-02-13,0.0,0.0,0,0
2023-02-14,0.0,0.0,0,0
2023-02-15,0.0,0.0,0,0
2023-02-16,0.0,0.0,0,0
2023-02-17,0.0,0.0,0,0
2023-02-18,0.0,0.0,0,0
2023-02-19,0.0,0.0,0,0
2023-02-20,0.0,0.0,0,0
2023-02-21,0.0,0.0,0,0
2023-02-22,0.0,0.0,0,0
2023-02-23,0.0,0.0,0,0
2023-02-24,0.0,0.0,0,0
2023-02-25,0.0,0.0,0,0
2023-02-26,0.0,0.0,0,0
2023-02-27,0.0,0.0,0,0
2023-02-28,0.0,0.0,0,0
2023-03-01,0.0,0.0,0,0
2023-03-02,0.0,0.0,0,0
2023-03-03,0.0,0.0,0,0
2023-03-04,0.0,0.0,0,0
2023-03-05,0.0,0.0,0,0
2023-03-06,0.0,0.0,0,0
2023-03-07,0.0,0.0,0,0
2023-03-08,0.0,0.0,0,0
2023-03-09,0.0,0.0,0,0
2023-03-10,0.0,0.0,0,0
2023-03-11,0.0,0.0,0,0
2023-03-12,0.0,0.0,0,0
2023-03-13,0.0,0.0,0,0
2023-03-14,0.0,0.0,0,0
2023-03-15,0.0,0.0,0,0
2023-03-16,0.0,0.0,0,0
2023-03-17,0.0,0.0,0,0
2023-03-18,0.0,0.0,0,0
2023-03-19,0.0,0.0,0,0
2023-03-20,0.0,0.0,0,0
2023-03-21,0.0,0.0,0,0
2023-03-22,0.0,0.0,0,0
2023-03-23,0.0,0.0,0,0
2023-03-24,0.0,0.0,0,0
2023-03-25,0.0,0.0,0,0
2023-03-26,0.0,0.0,0,0
2023-03-27,0.0,0.0,0,0
2023-03-28,0.0,0.0,0,0
2023-03-29,0.0,0.0,0,0
2023-03-30,0.0,0.0,0,0
2023-03-31,0.0,0.0,0,0
2023-04-01,0.0,0.0,0,0
2023-04-02,0.0,0.0,0,0
2023-04-03,0.0,0.0,0,0
2023-04-04,0.0,0.0,0,0
2023-04-05,0.0,0.0,0,0
2023-04-06,0.0,0.0,0,0
2023-04-07,0.0,0.0,0,0
2023-04-08,0.0,0.0,0,0
2023-04-09,0.0,0.0,0,0
2023-04-10,0.0,0.0,0,0
2023-04-11,0.0,0.0,0,0
2023-04-12,0.0,0.0,0,0
2023-04-13,0.0,0.0,0,0
2023-04-14,0.0,0.0,0,0
2023-04-15,0.0,0.0,0,0
2023-04-16,0.0,0.0,0,0
2023-04-17,0.0,0.0,0,0
2023-04-18,0.0,0.0,0,0
2023-04-19,0.0,0.0,0,0
2023-04-20,0.0,0.0,0,0
2023-04-21,0.0,0.0,0,0
2023-04-22,0.0,0.0,0,0
2023-04-23,0.0,0.0,0,0
2023-04-24,0.0,0.0,0,0
2023-04-25,0.0,0.0,0,0
2023-04-26,0.0,0.0,0,0
2023-04-27,0.0,0.0,0,0
2023-04-28,0.0,0.0,0,0
2023-04-29,0.0,0.0,0,0
2023-04-30,0.0,0.0,0,0
2023-05-01,0.0,0.0,0,0
2023-05-02,0.0,0.0,0,0
2023-05-03,0.0,0.0,0,0
2023-05-04,0.0,0.0,0,0
2023-05-05,0.0,0.0,0,0
2023-05-06,0.0,0.0,0,0
2023-05-07,0.0,0.0,0,0
2023-05-08,0.0,0.0,0,0
2023-05-09,0.0,0.0,0,0
2023-05-10,0.0,0.0,0,0
2023-05-11,0.0,0.0,0,0
2023-05-12,0.0,0.0,0,0
2023-05-13,0.0,0.0,0,0
2023-05-14,0.0,0.0,0,0
2023-05-15,0.0,0.0,0,0
2023-05-16,0.0,0.0,0,0
2023-05-17,0.0,0.0,0,0
2023-05-18,0.0,0.0,0,0
2023-05-19,0.0,0.0,0,0
2023-05-20,0.0,0.0,0,0
2023-05-21,0.0,0.0,0,0
2023-05-22,0.0,0.0,0,0
2023-05-23,0.0,0.0,0,0
2023-05-24,0.0,0.0,0,0
2023-05-25,0.0,0.0,0,0
2023-05-26,0.0,0.0,0,0
2023-05-27,0.0,0.0,0,0
2023-05-28,0.0,0.0,0,0
2023-05-29,0.0,0.0,0,0
2023-05-30,0.0,0.0,0,0
2023-05-31,0.0,0.0,0,0
2023-06-01,0.0,0.0,0,0
2023-06-02,0.0,0.0,0,0
2023-06-03,0.0,0.0,0,0
2023-06-04,0.0,0.0,0,0
2023-06-05,0.0,0.0,0,0
2023-06-06,0.0,0.0,0,0
2023-06-07,0.0,0.0,0,0
2023-06-08,0.0,0.0,0,0
2023-06-09,0.0,0.0,0,0
2023-06-10,0.0,0.0,0,0
2023-06-11,0.0,0.0,0,0
2023-06-12,0.0,0.0,0,0
2023-06-13,0.0,0.0,0,0
2023-06-14,0.0,0.0,0,0
2023-06-15,0.0,0.0,0,0
2023-06-16,0.0,0.0,0,0
2023-06-17,0.0,0.0,0,0
2023-06-18,0.0,0.0,0,0
2023-06-19,0.0,0.0,0,0
2023-06-20,0.0,0.0,0,0
2023-06-21,0.0,0.0,0,0
2023-06-22,0.0,0.0,0,0
2023-06-23,0.0,0.0,0,0
2023-06-24,0.0,0.0,0,0
2023-06-25,0.0,0.0,0,0
2023-06-26,0.0,0.0,0,0
2023-06-27,0.0,0.0,0,0
2023-06-28,0.0,0.0,0,0
2023-06-29,0.0,0.0,0,0
2023-06-30,0.0,0.0,0,0
2023-07-01,0.0,0.0,0,0
2023-07-02,0.0,0.0,0,0
2023-07-03,0.0,0.0,0,0
2023-07-04,0.0,0.0,0,0
2023-07-05,0.0,0.0,0,0
2023-07-06,0.0,0.0,0,0
2023-07-07,0.0,0.0,0,0
2023-07-08,0.0,0.0,0,0
2023-07-09,0.0,0.0,0,0
2023-07-10,0.0,0.0,0,0
2023-07-11,0.0,0.0,0,0
2023-07-12,0.0,0.0,0,0
2023-07-13,0.0,0.0,0,0
2023-07-14,0.0,0.0,0,0
2023-07-15,0.0,0.0,0,0
2023-07-16,0.0,0.0,0,0
2023-07-17,0.0,0.0,0,0
2023-07-18,0.0,0.0,0,0
2023-07-19,0.0,0.0,0,0
2023-07-20,0.0,0.0,0,0
2023-07-21,0.0,0.0,0,0
2023-07-22,0.0,0.0,0,0
2023-07-23,0.0,0.0,0,0
2023-07-24,0.0,0.0,0,0
2023-07-25,0.0,0.0,0,0
2023-07-26,0.0,0.0,0,0
2023-07-27,0.0,0.0,0,0
2023-07-28,0.0,0.0,0,0
2023-07-29,0.0,0.0,0,0
2023-07-30,0.0,0.0,0,0
2023-07-31,0.0,0.0,0,0
2023-08-01,0.0,0.0,0,0
2023-08-02,0.0,0.0,0,0
2023-08-03,0.0,0.0,0,0
2023-08-04,0.0,0.0,0,0
2023-08-05,0.0,0.0,0,0
2023-08-06,0.0,0.0,0,0
2023-08-07,0.0,0.0,0,0
2023-08-08,0.0,0.0,0,0
2023-08-09,0.0,0.0,0,0
2023-08-10,0.0,0.0,0,0
2023-08-11,0.0,0.0,0,0
2023-08-12,0.0,0.0,0,0
2023-08-13,0.0,0.0,0,0
2023-08-14,0.0,0.0,0,0
2023-08-15,0.0,0.0,0,0
2023-08-16,0.0,0.0,0,0
2023-08-17,0.0,0.0,0,0
2023-08-18,0.0,0.0,0,0
2023-08-19,0.0,0.0,0,0
2023-08-20,0.0,0.0,0,0
2023-08-21,0.0,0.0,0,0
2023-08-22,0.0,0.0,0,0
2023-08-23,0.0,0.0,0,0
2023-08-24,0.0,0.0,0,0
2023-08-25,0.0,0.0,0,0
2023-08-26,0.0,0.0,0,0
2023-08-27,0.0,0.0,0,0
2023-08-28,0.0,0.0,0,0
2023-08-29,0.0,0.0,0,0
2023-08-30,0.0,0.0,0,0
2023-08-31,0.0,0.0,0,0
2023-09-01,0.0,0.0,0,0
2023-09-02,0.0,0.0,0,0
2023-09-03,0.0,0.0,0,0
2023-09-04,0.0,0.0,0,0
2023-09-05,0.0,0.0,0,0
2023-09-06,0.0,0.0,0,0
2023-09-07,0.0,0.0,0,0
2023-09-08,0.0,0.0,0,0
2023-09-09,0.0,0.0,0,0
2023-09-10,0.0,0.0,0,0
2023-09-11,0.0,0.0,0,0
2023-09-12,0.0,0.0,0,0
2023-09-13,0.0,0.0,0,0
2023-09-14,0.0,0.0,0,0
2023-09-15,0.0,0.0,0,0
2023-09-16,0.0,0.0,0,0
2023-09-17,0.0,0.0,0,0
2023-09-18,0.0,0.0,0,0
2023-09-19,0.0,0.0,0,0
2023-09-20,0.0,0.0,0,0
2023-09-21,0.0,0.0,0,0
2023-09-22,0.0,0.0,0,0
2023-09-23,0.0,0.0,0,0
2023-09-24,0.0,0.0,0,0
2023-09-25,0.0,0.0,0,0
2023-09-26,0.0,0.0,0,0
2023-09-27,0.0,0.0,0,0
2023-09-28,0.0,0.0,0,0
2023-09-29,0.0,0.0,0,0
2023-09-30,0.0,0.0,0,0
2023-10-01,0.0,0.0,0,0
2023-10-02,0.0,0.0,0,0
2023-10-03,0.0,0.0,0,0
2023-10-04,0.0,0.0,0,0
2023-10-05,0.0,0.0,0,0
2023-10-06,0.0,0.0,0,0
2023-10-07,0.0,0.0,0,0
2023-10-08,0.0,0.0,0,0
2023-10-09,0.0,0.0,0,0
2023-10-10,0.0,0.0,0,0
2023-10-11,0.0,0.0,0,0
2023-10-12,0.0,0.0,0,0
2023-10-13,0.0,0.0,0,0
2023-10-14,0.0,0.0,0,0
2023-10-15,0.0,0.0,0,0
2023-10-16,0.0,0.0,0,0
2023-10-17,0.0,0.0,0,0
2023-10-18,0.0,0.0,0,0
2023-10-19,0.0,0.0,0,0
2023-10-20,0.0,0.0,0,0
2023-10-21,0.0,0.0,0,0
2023-10-22,0.0,0.0,0,0
2023-10-23,0.0,0.0,0,0
2023-10-24,0.0,0.0,0,0
2023-10-25,0.0,0.0,0,0
2023-10-26,0.0,0.0,0,0
2023-10-27,0.0,0.0,0,0
2023-10-28,0.0,0.0,0,0
2023-10-29,0.0,0.0,0,0
2023-10-30,0.0,0.0,0,0
2023-10-31,0.0,0.0,0,0
2023-11-01,0.0,0.0,0,0
2023-11-02,0.0,0.0,0,0
2023-11-03,0.0,0.0,0,0
2023-11-04,0.0,0.0,0,0
2023-11-05,0.0,0.0,0,0
2023-11-06,0.0,0.0,0,0
2023-11-07,0.0,0.0,0,0
2023-11-08,0.0,0.0,0,0
2023-11-09,0.0,0.0,0,0
2023-11-10,0.0,0.0,0,0
2023-11-11,0.0,0.0,0,0
2023-11-12,0.0,0.0,0,0
2023-11-13,0.0,0.0,0,0
2023-11-14,0.0,0.0,0,0
2023-11-15,0.0,0.0,0,0
2023-11-16,0.0,0.0,0,0
2023-11-17,0.0,0.0,0,0
2023-11-18,0.0,0.0,0,0
2023-11-19,0.0,0.0,0,0
2023-11-20,0.0,0.0,0,0
2023-11-21,0.0,0.0,0,0
2023-11-22,0.0,0.0,0,0
2023-11-23,0.0,0.0,0,0
2023-11-24,0.0,0.0,0,0
2023-11-25,0.0,0.0,0,0
2023-11-26,0.0,0.0,0,0
2023-11-27,0.0,0.0,0,0
2023-11-28,0.0,0.0,0,0
2023-11-29,0.0,0.0,0,0
2023-11-30,0.0,0.0,0,0
2023-12-01,0.0,0.0,0,0
2023-12-02,0.0,0.0,0,0
2023-12-03,0.0,0.0,0,0
2023-12-04,0.0,0.0,0,0
2023-12-05,0.0,0.0,0,0
2023-12-06,0.0,0.0,0,0
2023-12-07,0.0,0.0,0,0
2023-12-08,0.0,0.0,0,0
2023-12-09,0.0,0.0,0,0
2023-12-10,0.0,0.0,0,0
2023-12-11,0.0,0.0,0,0
2023-12-12,0.0,0.0,0,0
2023-12-13,0.0,0.0,0,0
2023-12-14,0.0,0.0,0,0
2023-12-15,0.0,0.0,0,0
2023-12-16,0.0,0.0,0,0
2023-12-17,0.0,0.0,0,0
2023-12-18,0.0,0.0,0,0
2023-12-19,0.0,0.0,0,0
2023-12-20,0.0,0.0,0,0
2023-12-21,0.0,0.0,0,0
2023-12-22,0.0,0.0,0,0
2023-12-23,0.0,0.0,0,0
2023-12-24,0.0,0.0,0,0
2023-12-25,0.0,0.0,0,0
2023-12-26,0.0,0.0,0,0
2023-12-27,0.0,0.0,0,0
2023-12-28,0.0,0.0,0,0
2023-12-29,0.0,0.0,0,0
2023-12-30,0.0,0.0,0,0
2023-12-31,0.0,0.0,0,0
2024-01-01,0.0,0.0,0,0
2024-01-02,0.0,0.0,0,0
2024-01-03,0.0,0.0,0,0
2024-01-04,0.0,0.0,0,0
2024-01-05,0.0,0.0,0,0
2024-01-06,0.0,0.0,0,0
2024-01-07,0.0,0.0,0,0
2024-01-08,0.0,0.0,0,0
2024-01-09,0.0,0.0,0,0
2024-01-10,0.0,0.0,0,0
2024-01-11,0.0,0.0,0,0
2024-01-12,0.0,0.0,0,0
2024-01-13,0.0,0.0,0,0
2024-01-14,0.0,0.0,0,0
2024-01-15,0.0,0.0,0,0
2024-01-16,0.0,0.0,0,0
2024-01-17,0.0,0.0,0,0
2024-01-18,0.0,0.0,0,0
2024-01-19,0.0,0.0,0,0
2024-01-20,0.0,0.0,0,0
2024-01-21,0.0,0.0,0,0
2024-01-22,0.0,0.0,0,0
2024-01-23,0.0,0.0,0,0
2024-01-24,0.0,0.0,0,0
2024-01-25,0.0,0.0,0,0
2024-01-26,0.0,0.0,0,0
2024-01-27,0.0,0.0,0,0
2024-01-28,0.0,0.0,0,0
2024-01-29,0.0,0.0,0,0
2024-01-30,0.0,0.0,0,0
2024-01-31,0.0,0.0,0,0
2024-02-01,0.0,0.0,0,0
2024-02-02,0.0,0.0,0,0
2024-02-03,0.0,0.0,0,0
2024-02-04,0.0,0.0,0,0
2024-02-05,0.0,0.0,0,0
2024-02-06,0.0,0.0,0,0
2024-02-07,0.0,0.0,0,0
2024-02-08,0.0,0.0,0,0
2024-02-09,0.0,0.0,0,0
2024-02-10,0.0,0.0,0,0
2024-02-11,0.0,0.0,0,0
2024-02-12,0.0,0.0,0,0
2024-02-13,0.0,0.0,0,0
2024-02-14,0.0,0.0,0,0
2024-02-15,0.0,0.0,0,0
2024-02-16,0.0,0.0,0,0
2024-02-17,0.0,0.0,0,0
2024-02-18,0.0,0.0,0,0
2024-02-19,0.0,0.0,0,0
2024-02-20,0.0,0.0,0,0
2024-02-21,0.0,0.0,0,0
2024-02-22,0.0,0.0,0,0
2024-02-23,0.0,0.0,0,0
2024-02-24,0.0,0.0,0,0
2024-02-25,0.0,0.0,0,0
2024-02-26,0.0,0.0,0,0
2024-02-27,0.0,0.0,0,0
2024-02-28,0.0,0.0,0,0
2024-02-29,0.0,0.0,0,0
2024-03-01,0.0,0.0,0,0
2024-03-02,0.0,0.0,0,0
2024-03-03,0.0,0.0,0,0
2024-03-04,0.0,0.0,0,0
2024-03-05,0.0,0.0,0,0
2024-03-06,0.0,0.0,0,0
2024-03-07,0.0,0.0,0,0
2024-03-08,0.0,0.0,0,0
2024-03-09,0.0,0.0,0,0
2024-03-10,0.0,0.0,0,0
2024-03-11,0.0,0.0,0,0
2024-03-12,0.0,0.0,0,0
2024-03-13,0.0,0.0,0,0
2024-03-14,0.0,0.0,0,0
2024-03-15,0.0,0.0,0,0
2024-03-16,0.0,0.0,0,0
2024-03-17,0.0,0.0,0,0
2024-03-18,0.0,0.0,0,0
2024-03-19,0.0,0.0,0,0
2024-03-20,0.0,0.0,0,0
2024-03-21,0.0,0.0,0,0
2024-03-22,0.0,0.0,0,0
2024-03-23,0.0,0.0,0,0
2024-03-24,0.0,0.0,0,0
2024-03-25,0.0,0.0,0,0
2024-03-26,0.0,0.0,0,0
2024-03-27,0.0,0.0,0,0
2024-03-28,0.0,0.0,0,0
2024-03-29,0.0,0.0,0,0
2024-03-30,0.0,0.0,0,0
2024-03-31,0.0,0.0,0,0
2024-04-01,0.0,0.0,0,0
2024-04-02,0.0,0.0,0,0
2024-04-03,0.0,0.0,0,0
2024-04-04,0.0,0.0,0,0
2024-04-05,0.0,0.0,0,0
2024-04-06,0.0,0.0,0,0
2024-04-07,0.0,0.0,0,0
2024-04-08,0.0,0.0,0,0
2024-04-09,0.0,0.0,0,0
2024-04-10,0.0,0.0,0,0
2024-04-11,0.0,0.0,0,0
2024-04-12,0.0,0.0,0,0
2024-04-13,0.0,0.0,0,0
2024-04-14,0.0,0.0,0,0
2024-04-15,0.0,0.0,0,0
2024-04-16,0.0,0.0,0,0
2024-04-17,0.0,0.0,0,0
2024-04-18,0.0,0.0,0,0
2024-04-19,0.0,0.0,0,0
2024-04-20,0.0,0.0,0,0
2024-04-21,0.0,0.0,0,0
2024-04-22,0.0,0.0,0,0
2024-04-23,0.0,0.0,0,0
2024-04-24,0.0,0.0,0,0
2024-04-25,0.0,0.0,0,0
2024-04-26,0.0,0.0,0,0
2024-04-27,0.0,0.0,0,0
2024-04-28,0.0,0.0,0,0
2024-04-29,0.0,0.0,0,0
2024-04-30,0.0,0.0,0,0
2024-05-01,0.0,0.0,0,0
2024-05-02,0.0,0.0,0,0
2024-05-03,0.0,0.0,0,0
2024-05-04,0.0,0.0,0,0
2024-05-05,0.0,0.0,0,0
2024-05-06,0.0,0.0,0,0
2024-05-07,0.0,0.0,0,0
2024-05-08,0.0,0.0,0,0
2024-05-09,0.0,0.0,0,0
2024-05-10,0.0,0.0,0,0
2024-05-11,0.0,0.0,0,0
2024-05-12,0.0,0.0,0,0
2024-05-13,0.0,0.0,0,0
2024-05-14,0.0,0.0,0,0
2024-05-15,0.0,0.0,0,0
2024-05-16,0.0,0.0,0,0
2024-05-17,0.0,0.0,0,0
2024-05-18,0.0,0.0,0,0
2024-05-19,0.0,0.0,0,0
2024-05-20,0.0,0.0,0,0
2024-05-21,0.0,0.0,0,0
2024-05-22,0.0,0.0,0,0
2024-05-23,0.0,0.0,0,0
2024-05-24,0.0,0.0,0,0
2024-05-25,0.0,0.0,0,0
2024-05-26,0.0,0.0,0,0
2024-05-27,0.0,0.0,0,0
2024-05-28,0.0,0.0,0,0
2024-05-29,0.0,0.0,0,0
2024-05-30,0.0,0.0,0,0
2024-05-31,0.0,0.0,0,0
2024-06-01,0.0,0.0,0,0
2024-06-02,0.0,0.0,0,0
2024-06-03,0.0,0.0,0,0
2024-06-04,0.0,0.0,0,0
2024-06-05,0.0,0.0,0,0
2024-06-06,0.0,0.0,0,0
2024-06-07,0.0,0.0,0,0
2024-06-08,0.0,0.0,0,0
2024-06-09,0.0,0.0,0,0
2024-06-10,0.0,0.0,0,0
2024-06-11,0.0,0.0,0,0
2024-06-12,0.0,0.0,0,0
2024-06-13,0.0,0.0,0,0
2024-06-14,0.0,0.0,0,0
2024-06-15,0.0,0.0,0,0
2024-06-16,0.0,0.0,0,0
2024-06-17,0.0,0.0,0,0
2024-06-18,0.0,0.0,0,0
2024-06-19,0.0,0.0,0,0
2024-06-20,0.0,0.0,0,0
2024-06-21,0.0,0.0,0,0
2024-06-22,0.0,0.0,0,0
2024-06-23,0.0,0.0,0,0
2024-06-24,0.0,0.0,0,0
2024-06-25,0.0,0.0,0,0
2024-06-26,0.0,0.0,0,0
2024-06-27,0.0,0.0,0,0
2024-06-28,0.0,0.0,0,0
2024-06-29,0.0,0.0,0,0
2024-06-30,0.0,0.0,0,0
2024-07-01,0.0,0.0,0,0
2024-07-02,0.0,0.0,0,0
2024-07-03,0.0,0.0,0,0
2024-07-04,0.0,0.0,0,0
2024-07-05,0.0,0.0,0,0
2024-07-06,0.0,0.0,0,0
2024-07-07,0.0,0.0,0,0
2024-07-08,0.0,0.0,0,0
2024-07-09,0.0,0.0,0,0
2024-07-10,0.0,0.0,0,0
2024-07-11,0.0,0.0,0,0
2024-07-12,0.0,0.0,0,0
2024-07-13,0.0,0.0,0,0
2024-07-14,0.0,0.0,0,0
2024-07-15,0.0,0.0,0,0
2024-07-16,0.0,0.0,0,0
2024-07-17,0.0,0.0,0,0
2024-07-18,0.0,0.0,0,0
2024-07-19,0.0,0.0,0,0
2024-07-20,0.0,0.0,0,0
2024-07-21,0.0,0.0,0,0
2024-07-22,0.0,0.0,0,0
2024-07-23,0.0,0.0,0,0
2024-07-24,0.0,0.0,0,0
2024-07-25,0.0,0.0,0,0
2024-07-26,0.0,0.0,0,0
2024-07-27,0.0,0.0,0,0
2024-07-28,0.0,0.0,0,0
2024-07-29,0.0,0.0,0,0
2024-07-30,0.0,0.0,0,0
2024-07-31,0.0,0.0,0,0
2024-08-01,0.0,0.0,0,0
2024-08-02,0.0,0.0,0,0
2024-08-03,0.0,0.0,0,0
2024-08-04,0.0,0.0,0,0
2024-08-05,0.0,0.0,0,0
2024-08-06,0.0,0.0,0,0
2024-08-07,0.0,0.0,0,0
2024-08-08,0.0,0.0,0,0
2024-08-09,0.0,0.0,0,0
2024-08-10,0.0,0.0,0,0
2024-08-11,0.0,0.0,0,0
2024-08-12,0.0,0.0,0,0
2024-08-13,0.0,0.0,0,0
2024-08-14,0.0,0.0,0,0
2024-08-15,0.0,0.0,0,0
2024-08-16,0.0,0.0,0,0
2024-08-17,0.0,0.0,0,0
2024-08-18,0.0,0.0,0,0
2024-08-19,0.0,0.0,0,0
2024-08-20,0.0,0.0,0,0
2024-08-21,0.0,0.0,0,0
2024-08-22,0.0,0.0,0,0
2024-08-23,0.0,0.0,0,0
2024-08-24,0.0,0.0,0,0
2024-08-25,0.0,0.0,0,0
2024-08-26,0.0,0.0,0,0
2024-08-27,0.0,0.0,0,0
2024-08-28,0.0,0.0,0,0
2024-08-29,0.0,0.0,0,0
2024-08-30,0.0,0.0,0,0
2024-08-31,0.0,0.0,0,0
2024-09-01,0.0,0.0,0,0
2024-09-02,0.0,0.0,0,0
2024-09-03,0.0,0.0,0,0
2024-09-04,0.0,0.0,0,0
2024-09-05,0.0,0.0,0,0
2024-09-06,0.0,0.0,0,0
2024-09-07,0.0,0.0,0,0
2024-09-08,0.0,0.0,0,0
2024-09-09,0.0,0.0,0,0
2024-09-10,0.0,0.0,0,0
2024-09-11,0.0,0.0,0,0
2024-09-12,0.0,0.0,0,0
2024-09-13,0.0,0.0,0,0
2024-09-14,0.0,0.0,0,0
2024-09-15,0.0,0.0,0,0
2024-09-16,0.0,0.0,0,0
2024-09-17,0.0,0.0,0,0
2024-09-18,0.0,0.0,0,0
2024-09-19,0.0,0.0,0,0
2024-09-20,0.0,0.0,0,0
2024-09-21,0.0,0.0,0,0
2024-09-22,0.0,0.0,0,0
2024-09-23,0.0,0.0,0,0
2024-09-24,0.0,0.0,0,0
2024-09-25,0.0,0.0,0,0
2024-09-26,0.0,0.0,0,0
2024-09-27,0.0,0.0,0,0
2024-09-28,0.0,0.0,0,0
2024-09-29,0.0,0.0,0,0
2024-09-30,0.0,0.0,0,0
2024-10-01,0.0,0.0,0,0
2024-10-02,0.0,0.0,0,0
2024-10-03,0.0,0.0,0,0
2024-10-04,0.0,0.0,0,0
2024-10-05,0.0,0.0,0,0
2024-10-06,0.0,0.0,0,0
2024-10-07,0.0,0.0,0,0
2024-10-08,0.0,0.0,0,0
2024-10-09,0.0,0.0,0,0
2024-10-10,0.0,0.0,0,0
2024-10-11,0.0,0.0,0,0
2024-10-12,0.0,0.0,0,0
2024-10-13,0.0,0.0,0,0
2024-10-14,0.0,0.0,0,0
2024-10-15,0.0,0.0,0,0
2024-10-16,0.0,0.0,0,0
2024-10-17,0.0,0.0,0,0
2024-10-18,0.0,0.0,0,0
2024-10-19,0.0,0.0,0,0
2024-10-20,0.0,0.0,0,0
2024-10-21,0.0,0.0,0,0
2024-10-22,0.0,0.0,0,0
2024-10-23,0.0,0.0,0,0
2024-10-24,0.0,0.0,0,0
2024-10-25,0.0,0.0,0,0
2024-10-26,0.0,0.0,0,0
2024-10-27,0.0,0.0,0,0
2024-10-28,0.0,0.0,0,0
2024-10-29,0.0,0.0,0,0
2024-10-30,0.0,0.0,0,0
2024-10-31,0.0,0.0,0,0
2024-11-01,0.0,0.0,0,0
2024-11-02,0.0,0.0,0,0
2024-11-03,0.0,0.0,0,0
2024-11-04,0.0,0.0,0,0
2024-11-05,0.0,0.0,0,0
2024-11-06,0.0,0.0,0,0
2024-11-07,0.0,0.0,0,0
2024-11-08,0.0,0.0,0,0
2024-11-09,0.0,0.0,0,0
2024-11-10,0.0,0.0,0,0
2024-11-11,0.0,0.0,0,0
2024-11-12,0.0,0.0,0,0
2024-11-13,0.0,0.0,0,0
2024-11-14,0.0,0.0,0,0
2024-11-15,0.0,0.0,0,0
2024-11-16,0.0,0.0,0,0
2024-11-17,0.0,0.0,0,0
2024-11-18,0.0,0.0,0,0
2024-11-19,0.0,0.0,0,0
2024-11-20,0.0,0.0,0,0
2024-11-21,0.0,0.0,0,0
2024-11-22,0.0,0.0,0,0
2024-11-23,0.0,0.0,0,0
2024-11-24,0.0,0.0,0,0
2024-11-25,0.0,0.0,0,0
2024-11-26,0.0,0.0,0,0
2024-11-27,0.0,0.0,0,0
2024-11-28,0.0,0.0,0,0
2024-11-29,0.0,0.0,0,0
2024-11-30,0.0,0.0,0,0
2024-12-01,0.0,0.0,0,0
2024-12-02,0.0,0.0,0,0
2024-12-03,0.0,0.0,0,0
2024-12-04,0.0,0.0,0,0
2024-12-05,0.0,0.0,0,0
2024-12-06,0.0,0.0,0,0
2024-12-07,0.0,0.0,0,0
2024-12-08,0.0,0.0,0,0
2024-12-09,0.0,0.0,0,0
2024-12-10,0.0,0.0,0,0
2024-12-11,0.0,0.0,0,0
2024-12-12,0.0,0.0,0,0
2024-12-13,0.0,0.0,0,0
2024-12-14,0.0,0.0,0,0
2024-12-15,0.0,0.0,0,0
2024-12-16,0.0,0.0,0,0
2024-12-17,0.0,0.0,0,0
2024-12-18,0.0,0.0,0,0
2024-12-19,0.0,0.0,0,0
2024-12-20,0.0,0.0,0,0
2024-12-21,0.0,0.0,0,0
2024-12-22,0.0,0.0,0,0
2024-12-23,0.0,0.0,0,0
2024-12-24,0.0,0.0,0,0
2024-12-25,0.0,0.0,0,0
2024-12-26,0.0,0.0,0,0
2024-12-27,0.0,0.0,0,0
2024-12-28,0.0,0.0,0,0
2024-12-29,0.0,0.0,0,0
2024-12-30,0.0,0.0,0,0
2024-12-31,0.0,0.0,0,0
2025-01-01,0.0,0.0,0,0
2025-01-02,0.0,0.0,0,0
2025-01-03,0.0,0.0,0,0
2025-01-04,0.0,0.0,0,0
2025-01-05,0.0,0.0,0,0
2025-01-06,0.0,0.0,0,0
2025-01-07,0.0,0.0,0,0
2025-01-08,0.0,0.0,0,0
2025-01-09,0.0,0.0,0,0
2025-01-10,0.0,0.0,0,0
2025-01-11,0.0,0.0,0,0
2025-01-12,0.0,0.0,0,0
2025-01-13,0.0,0.0,0,0
2025-01-14,0.0,0.0,0,0
2025-01-15,0.0,0.0,0,0
2025-01-16,0.0,0.0,0,0
2025-01-17,0.0,0.0,0,0
2025-01-18,0.0,0.0,0,0
2025-01-19,0.0,0.0,0,0
2025-01-20,0.0,0.0,0,0
2025-01-21,0.0,0.0,0,0
2025-01-22,0.0,0.0,0,0
2025-01-23,0.0,0.0,0,0
2025-01-24,0.0,0.0,0,0
2025-01-25,0.0,0.0,0,0
2025-01-26,0.0,0.0,0,0
2025-01-27,0.0,0.0,0,0
2025-01-28,0.0,0.0,0,0
2025-01-29,0.0,0.0,0,0
2025-01-30,0.0,0.0,0,0
2025-01-31,0.0,0.0,0,0
2025-02-01,0.0,0.0,0,0
2025-02-02,0.0,0.0,0,0
2025-02-03,0.0,0.0,0,0
2025-02-04,0.0,0.0,0,0
2025-02-05,0.0,0.0,0,0
2025-02-06,0.0,0.0,0,0
2025-02-07,0.0,0.0,0,0
2025-02-08,0.0,0.0,0,0
2025-02-09,0.0,0.0,0,0
2025-02-10,0.0,0.0,0,0
2025-02-11,0.0,0.0,0,0
2025-02-12,0.0,0.0,0,0
2025-02-13,0.0,0.0,0,0
2025-02-14,0.0,0.0,0,0
2025-02-15,0.0,0.0,0,0
2025-02-16,0.0,0.0,0,0
2025-02-17,0.0,0.0,0,0
2025-02-18,0.0,0.0,0,0
2025-02-19,0.0,0.0,0,0
2025-02-20,0.0,0.0,0,0
2025-02-21,0.0,0.0,0,0
2025-02-22,0.0,0.0,0,0
2025-02-23,0.0,0.0,0,0
2025-02-24,0.0,0.0,0,0
2025-02-25,0.0,0.0,0,0
2025-02-26,0.0,0.0,0,0
2025-02-27,0.0,0.0,0,0
2025-02-28,0.0,0.0,0,0
2025-03-01,0.0,0.0,0,0
2025-03-02,0.0,0.0,0,0
2025-03-03,0.0,0.0,0,0
2025-03-04,0.0,0.0,0,0
2025-03-05,0.0,0.0,0,0
2025-03-06,0.0,0.0,0,0
2025-03-07,0.0,0.0,0,0
2025-03-08,0.0,0.0,0,0
2025-03-09,0.0,0.0,0,0
2025-03-10,0.0,0.0,0,0
2025-03-11,0.0,0.0,0,0
2025-03-12,0.0,0.0,0,0
2025-03-13,0.0,0.0,0,0
2025-03-14,0.0,0.0,0,0
2025-03-15,0.0,0.0,0,0
2025-03-16,0.0,0.0,0,0
2025-03-17,0.0,0.0,0,0
2025-03-18,0.0,0.0,0,0
2025-03-19,0.0,0.0,0,0
2025-03-20,0.0,0.0,0,0
2025-03-21,0.0,0.0,0,0
2025-03-22,0.0,0.0,0,0
2025-03-23,0.0,0.0,0,0
2025-03-24,0.0,0.0,0,0
2025-03-25,0.0,0.0,0,0
2025-03-26,0.0,0.0,0,0
2025-03-27,0.0,0.0,0,0
2025-03-28,0.0,0.0,0,0
2025-03-29,0.0,0.0,0,0
2025-03-30,0.0,0.0,0,0
2025-03-31,0.0,0.0,0,0
2025-04-01,0.0,0.0,0,0
2025-04-02,0.0,0.0,0,0
2025-04-03,0.0,0.0,0,0
2025-04-04,0.0,0.0,0,0
2025-04-05,0.0,0.0,0,0
2025-04-06,0.0,0.0,0,0
2025-04-07,0.0,0.0,0,0
2025-04-08,0.0,0.0,0,0
2025-04-09,0.0,0.0,0,0
2025-04-10,0.0,0.0,0,0
2025-04-11,0.0,0.0,0,0
2025-04-12,0.0,0.0,0,0
2025-04-13,0.0,0.0,0,0
2025-04-14,0.0,0.0,0,0
2025-04-15,0.0,0.0,0,0
2025-04-16,0.0,0.0,0,0
2025-04-17,0.0,0.0,0,0
2025-04-18,0.0,0.0,0,0
2025-04-19,0.0,0.0,0,0
2025-04-20,0.0,0.0,0,0
2025-04-21,0.0,0.0,0,0
2025-04-22,0.0,0.0,0,0
2025-04-23,0.0,0.0,0,0
2025-04-24,0.0,0.0,0,0
2025-04-25,0.0,0.0,0,0
2025-04-26,0.0,0.0,0,0
2025-04-27,0.0,0.0,0,0
2025-04-28,0.0,0.0,0,0
2025-04-29,0.0,0.0,0,0
2025-04-30,0.0,0.0,0,0
2025-05-01,0.0,0.0,0,0
2025-05-02,0.0,0.0,0,0
2025-05-03,0.0,0.0,0,0
2025-05-04,0.0,0.0,0,0
2025-05-05,0.0,0.0,0,0
2025-05-06,0.0,0.0,0,0
2025-05-07,0.0,0.0,0,0
2025-05-08,0.0,0.0,0,0
2025-05-09,0.0,0.0,0,0
2025-05-10,0.0,0.0,0,0
2025-05-11,0.0,0.0,0,0
2025-05-12,0.0,0.0,0,0
2025-05-13,0.0,0.0,0,0
2025-05-14,0.0,0.0,0,0
2025-05-15,0.0,0.0,0,0
2025-05-16,0.0,0.0,0,0
2025-05-17,0.0,0.0,0,0
2025-05-18,0.0,0.0,0,0
2025-05-19,0.0,0.0,0,0
2025-05-20,0.0,0.0,0,0
2025-05-21,0.0,0.0,0,0
2025-05-22,0.0,0.0,0,0
2025-05-23,0.0,0.0,0,0
2025-05-24,0.0,0.0,0,0
2025-05-25,0.0,0.0,0,0
2025-05-26,0.0,0.0,0,0
2025-05-27,0.0,0.0,0,0
2025-05-28,0.0,0.0,0,0
2025-05-29,0.0,0.0,0,0
2025-05-30,0.0,0.0,0,0
2025-05-31,0.0,0.0,0,0
2025-06-01,0.0,0.0,0,0
2025-06-02,0.0,0.0,0,0
2025-06-03,0.0,0.0,0,0
2025-06-04,0.0,0.0,0,0
2025-06-05,0.0,0.0,0,0
2025-06-06,0.0,0.0,0,0
2025-06-07,0.0,0.0,0,0
2025-06-08,0.0,0.0,0,0
2025-06-09,0.0,0.0,0,0
2025-06-10,0.0,0.0,0,0
